AARJUN  AARJUN,1B000206,,,39,585,,,,,,,,,,,,,19,215.5,1,2,3,6,1,12,,,13,173,,,,,,,7,58.9,,,,,,,,,,,,,,,,,,,,,,,,,15,144.5,,,,,,,,,,,,,,,RURAL,98,1196.9, 898.00 , 45.00 , 853.00 
ABHIJEET  JINDAL,1B000173,,,2,34,,,,,,,,,,,,,,,,,,,3,6,,,3,9,,,,,,,,,,,,,,,,,,,,,,,,,,,,,,,,,,,,,,,,,,,,,,,,,URBAN,8,49, 32.00 , 2.00 , 30.00 
ABHIJIT  SAMANTA,1B000288,,,,,,,,,,,,,,,,,14,109,,,1,2,,,,,6,70,,,,,,,,,,,,,,,,,,,,,,,2,16,,,,,,,,,8,65,,,,,,,,,,,,,,,SEMI URBAN,31,262, 170.00 , 9.00 , 161.00 
ABINASH  DAS,1B000099,,,,,,,,,4,40,,,,,,,3,21,,,,,,,,,5,55,,,,,12,89.68,13,132.95,1,2,,,,,,,,,,,,,,,,,,,,,,,1,5,,,,,,,,,,,,,,,RURAL,39,345.63, 259.00 , 13.00 , 246.00 
ABINASH  SAHOO,1B000175,,,,,,,,,17,170,,,,,,,21,173.5,4,8,4,8,,,,,41,405.5,,,,,53,267.25,76,681.25,,,,,,,3,30,,,,,,,,,1,8,,,,,,,55,366.73,,,,,,,,,,2000,5,225,,,RURAL,280,4343.23," 3,257.00 ", 163.00 ," 3,094.00 "
ADINATH SAHEBRAO MORE,1B000293,,,,,,,,,,,,,,,,,,,,,,,3,6,,,3,9,,,,,,,,,,,,,,,,,,,,,,,,,,,,,,,,,,,,,,,,,,,,,,,,,RURAL,6,15, 11.00 , 1.00 , 10.00 
AGOLU NAGASAI DINESH,1B000251,,,,,,,,,,,,,,,,,23,134.11,1,2,7,14,3,28,,,151,1960.35,,,,,3,24.5,9,118.1,,,,,,,,,,,,,,,,,5,31.5,,,,,,,153,974.88,,,,,,,,,,,,,,,SEMI URBAN,355,3287.44," 2,137.00 ", 107.00 ," 2,030.00 "
AJAY  AJAY,1B000061,1,25,9,153,2,44,,,,,,,,,,,61,615.5,,,7,14,,,,,14,159.5,,,,,,,,,,,,,,,,,,,,,,,,,,,,,,,,,62,489.09,,,,,,,,,,,,,,,URBAN,156,1500.09, 975.00 , 49.00 , 926.00 
AJAY  NAYAK,1B000172,,,,,,,,,,,,,,,,,12,83,,,4,8,1,12,,,63,720,,,,,51,294.5,123,1140.5,1,2,,,,,,,,,2,36,,,3,64,,,,,,,,,76,642.66,,,,,,,,,,2000,,,,,RURAL,336,5002.66," 3,752.00 ", 188.00 ," 3,564.00 "
AJAY KUMAR RAI,1B000021,,,6,90,,,,,,,,,,,,,176,1463,43,86,44,88,10,60.75,,,156,1560.5,,,,,,,24,264.5,,,,,2,30,,,,,,,1,5,,,,,,,,,,,173,1024.15,,,,,,,,,,2000,,,,,RURAL,635,6671.9," 5,004.00 ", 250.00 ," 4,754.00 "
AJEET  SINGH,1B000303,,,,,,,,,,,,,,,,,,,,,,,1,2,,,2,6,,,,,,,,,,,,,,,,,,,,,,,,,,,,,,,,,,,,,,,,,,,,,,,,,RURAL,3,8, 6.00 , -   , 6.00 
AJEET KUMAR BHARTI,1B000011,,,7,119,,,,,,,,,,,,,152,1512.14,6,12,18,36,10,94,,,139,1868.5,,,,,,,25,361.79,,,42,609,38,508.5,,,,,,,2,10,,,,,5,10,2,4,,,145,1564.63,,,,,,,,,,,,,,,URBAN,591,6709.56," 4,361.00 ", 218.00 ," 4,143.00 "
AKASH  RAO,1B000047,,,,,,,,,,,,,,,,,41,311.55,9,18,21,42,,,,,64,569,,,,,5,47,5,27,,,,,,,,,,,,,,,,,2,20,,,,,,,27,220.38,,,,,,,,,,2000,,,,,RURAL,174,3254.93," 2,441.00 ", 122.00 ," 2,319.00 "
AKASH PANDURANG BHALKE,1B000203,,,2,30,1,20,,,,,,,,,,,29,334,1,2,38,76,1,2,,,46,597.5,,,,,,,,,,,,,,,,,,,,,,,,,,,,,,,,,63,543.85,,,,,,,,,,2000,,,,,RURAL,181,3605.35," 2,704.00 ", 135.00 ," 2,569.00 "
AKHILESH KUMAR YADAV,1B000007,,,,,5,100,2,40,7,70,,,,,,,233,2244.5,33,66,38,76,22,183,7,92,617,8140.95,,,,,6,83,11,124,,,23,252.5,34,468,,,,,,,,,,,4,31.5,4,8,1,12,,,410,3605.53,,,,,,,,,,2000,,,,,RURAL,1457,17596.98," 13,198.00 ", 660.00 ," 12,538.00 "
AMALAKANTI  DIVANAM,1B000233,,,,,,,,,,,,,,,,,15,199.5,,,,,,,,,194,2526,,,,,,,,,,,,,,,,,,,,,,,1,8,74,759.25,,,,,,,81,499,,,,,,,,,,,,,,,SEMI URBAN,365,3991.75," 2,595.00 ", 130.00 ," 2,465.00 "
AMANDEEP  SINGH,1B000133,,,,,,,,,,,,,,,,,,,,,,,,,,,,,,,,,,,,,,,,,,,,,,,,,,,,,,,,,,,,,,,,,,,,1000,,,,,,,,,SEMI URBAN,,1000, 650.00 , 33.00 , 617.00 
AMAR  KALITA,1B000168,,,,,1,20,,,2,20,1,5,,,,,,,,,,,,,,,,,,,,,1,2,3,32.5,,,,,,,,,,,,,,,,,,,,,,,,,3,27.5,,,,,,,,,,,,,,,SEMI URBAN,11,107, 70.00 , 4.00 , 66.00 
AMIRUL  ISLAM,1B000290,,,,,,,,,,,,,,,,,145,1303.5,7,14,21,42,25,135,,,268,2570.25,,,,,49,453.68,101,1068,,,,,,,,,,,,,,,,,,,,,,,,,102,891.38,,,,,,,,,,2000,,,,,RURAL,718,8477.81," 6,358.00 ", 318.00 ," 6,040.00 "
AMIT KUMAR CHAUBEY,1B000022,,,5,75,,,,,,,1,5,,,,,2,18,4,8,1,2,4,20,,,28,404,,,,,,,,,,,,,,,,,,,,,,,,,,,,,,,,,27,225.25,,,,,,,,,,,,,,,RURAL,72,757.25, 568.00 , 28.00 , 540.00 
AMOD  KUMAR,1B000001,,,21,315,,,,,,,24,120,,,,,72,903.25,,,15,30,23,175.75,,,261,3409,,,,,,,342,4475.75,,,7,93,28,364.5,,,,,,,,,,,30,241.2,,,3,30.75,,,304,2371.19,,,,,,,,,,2000,,,,,RURAL,1130,14529.39," 10,897.00 ", 545.00 ," 10,352.00 "
AMRUTHAVARSHINI  AS,1B000324,,,,,,,,,,,,,,,,,30,255.45,,,,,25,299,,,512,6563.5,,,,,,,,,,,,,,,,,,,,,,,,,32,344,,,,,,,347,2832.97,,,,,,,,,,,,,,,SEMI URBAN,946,10294.92," 6,692.00 ", 335.00 ," 6,357.00 "
ANAND  KUMAR,1B000034,,,10,150,,,,,,,,,,,,,356,3751.5,24,48,24,48,53,613.5,,,285,3265.75,,,,,1,6.8,29,287,,,13,160,7,66.5,,,,,,,,,,,,,,,,,,,131,1162.13,,,,,,,,,,2000,,,,,RURAL,933,11559.18," 8,669.00 ", 433.00 ," 8,236.00 "
ANIL KUMAR PATHAK,1B000014,,,,,,,,,,,,,,,,,2,10,,,,,,,,,,,,,,,,,,,,,,,,,,,,,,,,,,,,,,,,,,,13,26,,,,,,,,,,,,,,,RURAL,15,36, 27.00 , 1.00 , 26.00 
ANITA  KUMARI,1B000268,,,3,45,3,60,,,,,2,10,,,,,3,28,,,,,5,43.5,5,82,94,859.6,,,,,,,,,,,,,,,,,,,,,,,,,,,,,,,,,26,265,,,,,,,,,,2000,,,,,RURAL,141,3393.1," 2,545.00 ", 127.00 ," 2,418.00 "
ANKUSH KESHAV PANCHAL,1B000273,,,1,15,,,,,,,,,,,,,20,243.5,,,42,84,,,2,20,64,779.43,,,,,,,,,,,,,,,,,,,,,,,1,11.2,,,,,,,,,69,532.89,,,,,,,,,,2000,,,,,RURAL,199,3686.02," 2,765.00 ", 138.00 ," 2,627.00 "
ANNIE JOYNER JYRWA,1B000107,,,,,,,,,,,,,,,,,,,,,,,,,,,,,,,,,,,,,,,,,,,,,,,,,,,,,,,,,,,,,1,2,,,,,,,,,,,,,,,RURAL,1,2, 2.00 , -   , 2.00 
ANNU  SINGHWAL,1B000185,,,17,289,,,,,,,,,,,,,47,434.5,,,6,12,1,2.5,,,25,304.5,,,,,,,,,,,1,3,1,3,,,,,,,1,5,2,31.2,,,,,,,,,30,281,,,,,,,,,,,,,,,URBAN,131,1365.7, 888.00 , 44.00 , 844.00 
ANURAG KAR PATHAK,1B000046,,,,,2,40,,,1,10,,,,,,,44,331,22,44,138,276,19,144,9,116,659,8354.5,,,,,,,35,426.5,,,18,186,75,922.5,,,,,,,1,5,,,,,3,6,5,38.5,,,75,539.25,,,,,,,,,,2000,,,,,RURAL,1106,13439.25," 10,079.00 ", 504.00 ," 9,575.00 "
ARATI  DUTTA,1B000054,,,2,30,,,,,,,6,30,,,,,7,102.5,,,14,28,22,104.85,,,85,862.5,,,,,65,422.63,22,264.5,,,5,51.5,26,325.5,1,10,,,,,1,5,,,1,8,6,12,,,1,15,47,344.25,,,,,,,,,,2000,,,,,RURAL,311,4616.23," 3,462.00 ", 173.00 ," 3,289.00 "
ARIF  MAHAMMAD,1B000287,,,,,,,,,,,,,,,,,95,680.5,7,14,21,42,,,,,102,806,,,,,,,1,20,,,,,,,,,,,,,,,,,,,,,,,,,31,280.25,,,,,,,,,,,,,,,SEMI URBAN,257,1842.75," 1,198.00 ", 60.00 ," 1,138.00 "
ARTI  ARTI,1B000084,,,20,300,,,,,,,2,10,,,,,32,285,,,1,2,1,2,,,6,42.5,,,,,,,,,,,,,,,,,,,,,,,,,,,,,,,,,12,96,,,,,,,,,,,,,,,SEMI URBAN,74,737.5, 479.00 , 24.00 , 455.00 
ARUN  KUMAR,1B000311,,,13,195,1,20,,,,,,,,,,,34,412.5,2,4,1,2,,,,,7,92.5,,,,,,,,,,,,,3,38,,,,,,,,,,,,,,,,,,,39,242,,,,,,,,,,,,,,,RURAL,100,1006, 755.00 , 38.00 , 717.00 
ARVIND  YADAV,1B000024,,,6,90,,,,,,,,,,,,,32,364.5,1,2,4,8,1,8,1,10,111,1353,,,,,44,560.25,74,927,,,3,20,14,198,1,10,,,,,,,,,2,24,1,2,,,,,28,205,,,,,,,,,,2000,,,1,15,RURAL,324,5796.75," 4,348.00 ", 217.00 ," 4,131.00 "
ASHA  SHARMA,1B000274,,,,,,,,,,,,,,,,,,,2,4,4,8,3,13,,,14,118,,,,,1,7.5,4,40,,,,,,,,,,,,,,,,,,,,,,,,,7,46,,,,,,,,,,,,,,,RURAL,35,236.5, 177.00 , 9.00 , 168.00 
ASHISH  NEHRA,1B000325,,,,,,,,,,,,,,,,,2,22,,,,,3,10.25,,,6,53.5,,,,,,,,,,,,,,,,,,,,,,,,,,,,,,,,,1,5,,,,,,,,,,,,,,,URBAN,12,90.75, 59.00 , 3.00 , 56.00 
ASHISH KUMAR GIRI,1B000039,,,,,,,,,,,,,,,,,4,38,,,,,9,111.25,,,175,2114.1,,,,,,,,,,,1,3,1,3,,,,,,,,,,,,,,,,,,,48,523.45,,,,,,,,,,2000,,,,,RURAL,238,4792.8," 3,595.00 ", 180.00 ," 3,415.00 "
ASHOK  KARTAM,1B000262,,,,,,,,,,,,,0,2886.85,,,1,15,,,4,8,,,,,4,50.65,,,,,,,,,,,,,,,,,,,,,,,,,,,,,,,,,5,39.5,,,,,,,,,,,,,,,RURAL,14,3000," 2,250.00 ", 113.00 ," 2,137.00 "
BABU LAL PHLDOLIYA,1B000275,,,,,,,,,,,,,,,,,13,106.5,,,,,1,8,,,26,338.5,,,,,,,,,,,,,,,,,,,,,,,,,,,,,,,,,113,979,,,,,,,,,,2000,,,,,RURAL,153,3432," 2,574.00 ", 129.00 ," 2,445.00 "
BABU LAL SHARMA,1B000158,,,,,,,,,,,,,,,,,5,15,4,8,15,30,,,,,14,161.15,,,,,,,,,,,,,,,,,,,,,,,,,,,,,,,,,13,88.25,,,,,,,,,,,,,,,METRO,51,302.4, 197.00 , 10.00 , 187.00 
BALAJI KESHAV SURYAWANSHI,1B000314,,,,,,,,,,,,,,,,,,,,,6,12,10,53.5,,,22,171.45,,,,,,,,,,,,,,,,,,,,,,,,,,,,,,,,,,,,,,,,,,,,,,,,,RURAL,38,236.95, 178.00 , 9.00 , 169.00 
BALARAM  DAS,1B000163,,,,,,,1,20,2,20,,,,,,,34,327.5,1,2,12,24,,,,,19,199.5,,,,,31,194.75,45,443.25,,,13,187.5,25,343,,,,,,,,,,,,,7,14,4,32,,,32,234.08,,,,,,,,,,2000,,,,,RURAL,226,4041.58," 3,031.00 ", 152.00 ," 2,879.00 "
BALLA  LINGAMURTHY,1B000308,,,,,,,,,,,,,,,,,20,237,,,,,1,2,,,25,248.5,,,,,,,,,,,,,,,,,,,,,,,1,27.2,,,,,,,,,16,140,,,,,,,,,,,,,,,RURAL,63,654.7, 491.00 , 25.00 , 466.00 
BANARSI  DASS,1B000081,,,,,,,,,,,,,,,,,1,7.5,,,,,,,,,6,117,,,,,,,,,,,,,,,,,,,,,,,,,8,19.5,,,,,,,13,87,,,,,,,,,,,,,,,URBAN,28,231, 150.00 , 8.00 , 142.00 
BASAVE  GOWDA,1B000217,,,,,,,,,,,,,,,,,,,,,,,,,,,,,,,,,,,,,,,,,,,,,,,,,,,,,,,,,,,,,2,4,,,,,,,,,,,,,,,URBAN,2,4, 3.00 , -   , 3.00 
BHASKAR PRAKASH HANDE,1B000247,,,,,,,,,,,,,,,,,,,,,,,,,,,,,,,,,,,,,,,,,,,,,,,,,,,,,,,,,,,,,,,,,,,,1000,,,,,,,,,RURAL,,1000, 750.00 , 38.00 , 712.00 
BHIM  SAH,1B000279,1,22,3,45,1,20,,,2,20,2,10,,,,,66,682,29,58,64,128,23,324,7,115,89,1196.5,,,,,2,4.5,25,279.5,,,,,,,3,30,,,,,,,,,,,,,,,,,41,412.5,,,,,,,,,,2000,,,,,RURAL,358,5347," 4,010.00 ", 201.00 ," 3,809.00 "
BIBEK  BANAI,1B000105,,,1,15,,,,,,,14,70,,,0,3607.4,3,36,,,1,2,,,,,12,147.1,,,,,,,,,,,2,30,3,33,,,,,,,,,,,,,,,,,,,16,59.5,,,,,,,,,,,,,,,RURAL,52,4000," 3,000.00 ", 150.00 ," 2,850.00 "
BIDHAN  DAS,1B000242,,,,,4,88,2,44,,,,,,,,,,,,,2,4,,,,,3,51,,,,,,,,,,,,,,,,,,,,,,,,,,,,,,,,,4,19,,,,,,,,,,,,,,,METRO,15,206, 134.00 , 7.00 , 127.00 
BIJOY  DUTTA,1B000296,,,,,,,,,,,,,,,,,,,,,,,,,,,,,,,,,,,,,,,,,,,,,,,,,,,,,,,,,,,,,1,2,,,,,,,,,,,,,,,RURAL,1,2, 2.00 , -   , 2.00 
BISHWAMBHAR  SAHU,1B000056,,,,,,,,,,,,,,,,,1,10,,,8,16,6,21,,,6,39,,,,,5,20.75,4,36,,,,,2,18,,,,,,,,,,,,,2,4,1,2,,,,,,,,,,,,,,,,,,,RURAL,35,166.75, 125.00 , 6.00 , 119.00 
BOYAPATI  LOKESH,1B000235,,,,,,,,,,,2,10,,,,,5,49.5,1,2,73,146,27,283.28,3,36,101,1494.55,,,,,,,,,,,,,,,,,,,,,,,,,4,40,,,,,,,69,612.13,,,,,,,,,,,,,,,URBAN,285,2673.46," 1,738.00 ", 87.00 ," 1,651.00 "
C R MANJUNATH,1B000227,,,,,,,,,,,,,,,,,8,102,,,,,8,53.5,,,9,117,,,,,,,,,,,,,,,,,,,,,,,3,32.8,,,,,,,,,11,70.5,,,,,,,,,,,,,,,URBAN,39,375.8, 244.00 , 12.00 , 232.00 
CATHERINE LYNGDOH MAWPHLANG,1B000103,,,,,,,,,,,,,,,,,,,,,,,,,,,,,,,,,,,,,,,,,,,,,,,,,,,,,,,,,,,,,,,,,,,,1000,,,,,,,,,RURAL,,1000, 750.00 , 38.00 , 712.00 
CHAITAN  HEMBRAM,1B000148,,,5,75,,,,,,,6,30,,,,,45,403.8,54,108,24,48,6,54,,,23,259.75,,,,,13,36.5,27,193,,,7,76.1,6,47.5,3,30,,,,,2,10,,,,,3,6,,,,,19,172.75,,,,,,,,,,2000,,,,,RURAL,243,3550.4," 2,663.00 ", 133.00 ," 2,530.00 "
CHAMPA  CHAMPA,1B000062,,,3,51,6,132,,,,,1,5,,,,,10,82.6,1,2,,,,,,,2,15,,,,,,,,,,,,,,,,,,,,,,,,,,,,,,,,,6,32,,,,,,,,,,,,,,,URBAN,29,319.6, 208.00 , 10.00 , 198.00 
CHANCHAL  CHANCHAL,1B000254,,,9,135,2,40,,,,,,,,,,,20,175.8,,,,,,,,,9,81.5,,,,,,,,,,,,,,,,,,,,,,,,,,,,,,,,,13,89.75,,,,,,,,,,,,,,,SEMI URBAN,53,522.05, 339.00 , 17.00 , 322.00 
CHANDRAJEET  YADAV,1B000093,,,,,3,66,,,2,20,,,,,,,119,1412.25,41,82,98,196,12,119.5,,,368,4347.35,,,,,21,160.5,244,2835.65,,,2,34,15,191.5,,,,,,,,,,,,,,,,,,,44,419.2,,,,,,,,,,,,,,,URBAN,969,9883.95," 6,425.00 ", 321.00 ," 6,104.00 "
CHELIKANI  NAGENDRABABU,1B000259,,,,,,,,,,,,,,,,,1,6.1,,,,,10,28.05,,,17,70,,,,,,,,,,,,,,,,,,,,,,,,,,,,,,,,,3,9,,,,,,,,,,,,,,,RURAL,31,113.15, 85.00 , 4.00 , 81.00 
CHETNA  CHETNA,1B000101,,,5,85,,,,,,,1,5,,,,,,,,,,,3,6.75,,,9,104.5,,,,,,,,,,,,,,,,,,,,,,,,,,,,,,,,,15,64.75,,,,,,,,,,,,,,,URBAN,33,266, 173.00 , 9.00 , 164.00 
CM KIRAN RAJ,1B000305,,,,,,,,,,,,,,,,,1,3,,,,,3,25,,,326,3572.5,,,,,,,,,,,,,,,,,,,,,,,,,,,,,,,,,196,1410.29,,,,,,,,,,,,,,,SEMI URBAN,526,5010.79," 3,257.00 ", 163.00 ," 3,094.00 "
DANSING  SHANGDIAR,1B000199,,,,,,,,,,,,,,,,,1,3,,,,,,,,,,,,,,,,,,,,,,,,,,,,,,,,,,,,,,,,,,,,,,,,,,,,,,,,,,,RURAL,1,3, 2.00 , -   , 2.00 
DEENDAYAL  KANDERA,1B000048,,,1,17,,,,,,,,,,,,,1,3,,,,,,,,,9,126,,,,,,,,,,,,,,,,,,,,,,,,,,,,,,,,,6,74,,,,,,,,,,,,,,,METRO,17,220, 143.00 , 7.00 , 136.00 
DEV DUTT MISHRA,1B000142,,,,,,,,,,,,,,,,,,,,,,,,,,,1,3,,,,,,,,,,,,,,,,,,,,,,,,,,,,,,,,,,,,,,,,,,,,,,,,,SEMI URBAN,1,3, 2.00 , -   , 2.00 
DEVENDRA  SINGH,1B000334,,,,,,,,,,,,,,,,,1,7.6,,,17,34,4,20.28,2,22,58,509.59,,,,,,,,,,,,,,,,,,,,,,,,,,,,,,,,,13,134,,,,,,,,,,,,,,,RURAL,95,727.47, 546.00 , 27.00 , 519.00 
DHARMENDRA  NATH,1B000086,,,,,,,,,,,5,25,,,,,17,107,,,1,2,2,16,,,13,98.5,,,,,,,4,44.5,,,,,,,,,,,,,,,,,,,,,,,,,19,108,,,,,,,,,,,,,,,RURAL,61,401, 301.00 , 15.00 , 286.00 
DHIROJ NALINI MAHANTA,1B000126,4,88,2,30,2,40,,,2,20,1,5,,,,,274,2390.84,,,2,4,,,,,17,164.65,,,,,6,37.25,,,,,,,,,,,,,,,,,,,,,,,,,,,94,720.26,,,,,,,,,,2000,,,,,RURAL,404,5500," 4,125.00 ", 206.00 ," 3,919.00 "
DILEEP  SHUKLA,1B000038,,,15,225,,,,,5,50,11,55,,,,,57,529.15,38,76,297,594,18,194,20,271,1613,22012.63,,,,,42,382,91,1280.55,,,5,65,52,619,26,260,,,,,5,25,,,1,12,,,,,,,87,727.38,,,,,,,,,,2000,,,,,RURAL,2383,29377.71," 22,033.00 "," 1,102.00 "," 20,931.00 "
DINESH KUMAR SHARMA,1B000119,,,,,10,220,,,,,,,,,,,10,106.5,,,,,,,,,19,205,,,,,,,,,,,,,,,,,,,,,,,,,,,,,,,,,28,159,,,,,,,,,,,,,,,METRO,67,690.5, 449.00 , 22.00 , 427.00 
DINESH PUNDLIK JADHAV,1B000286,,,,,,,,,,,,,,,,,18,196,5,10,3,6,,,,,14,135.5,,,,,,,,,,,,,,,,,,,,,,,,,,,,,,,,,63,509.5,,,,,,,,,,,,,,,RURAL,103,857, 643.00 , 32.00 , 611.00 
DIPALI GIRIDHAR BHUSNAR,1B000292,,,,,,,,,,,,,,,,,1,15,,,,,2,8.75,2,20,72,962.5,,,,,,,4,65.5,,,,,,,,,1,15,,,,,1,16.8,,,,,,,,,65,565.5,,,,,,,,,,,,,,,SEMI URBAN,148,1669.05," 1,085.00 ", 54.00 ," 1,031.00 "
DIVYA  DIVYA,1B000222,,,,,,,,,,,,,,,,,3,45,,,,,,,,,70,702.9,,,,,,,,,,,,,,,,,,,,,,,,,,,,,,,,,42,308,,,,,,,,,,,,,,,SEMI URBAN,115,1055.9, 686.00 , 34.00 , 652.00 
DODLA  HARINADH,1B000213,,,,,,,,,,,1,5,,,,,160,1520.25,,,10,20,20,327,,,88,1031.8,,,,,,,,,,,,,,,,,,,,,,,,,,,,,,,,,36,352.5,,,,,,,,,,,,,,,URBAN,315,3256.55," 2,117.00 ", 106.00 ," 2,011.00 "
DUDEKULA  HUSSAINIPEERA,1B000333,,,,,,,,,,,,,,,,,1,3,,,2,4,1,2,,,6,29,,,,,,,,,,,,,,,,,,,,,,,,,3,7,,,,,,,4,8.5,,,,,,,,,,,,,,,RURAL,17,53.5, 40.00 , 2.00 , 38.00 
DUDEKULA  MANOHAR,1B000266,,,,,,,,,,,,,,,,,3,20,,,,,3,26,,,14,152,,,,,,,,,,,,,,,,,,,,,,,,,,,,,,,,,5,47.5,,,,,,,,,,,,,,,RURAL,25,245.5, 184.00 , 9.00 , 175.00 
DUDEKULA DADA KHALENDHAR,1B000264,,,,,,,,,,,,,,,,,36,258.5,1,2,2,4,12,86.75,,,23,233,,,,,,,,,,,,,,,,,,,,,,,,,1,2.8,,,,,,,17,89.75,,,,,,,,,,,,,,,RURAL,92,676.8, 508.00 , 25.00 , 483.00 
DURAGESH GAJANAN DHONGADE,1B000271,,,,,1,20,3,60,1,10,,,,,,,10,91.5,,,3,6,4,32,65,650,58,800.6,,,,,3,32,24,288.4,,,,,,,,,,,,,,,,,,,,,,,,,47,491,,,,,,,,,,2000,,,,,RURAL,219,4481.5," 3,361.00 ", 168.00 ," 3,193.00 "
EDAL  SINGH,1B000137,,,13,221,1,22,,,,,5,25,,,,,21,144.2,,,3,6,42,338.75,,,42,520.12,,,,,3,17,4,59,,,1,17,1,5,3,30,,,,,2,10,,,,,,,,,,,,,,,,,,,,,,,,,,,URBAN,141,1415.07, 920.00 , 46.00 , 874.00 
ERLA CHINNA GURAVAIAH,1B000214,,,,,,,,,,,3,15,,,,,11,86.55,,,,,,,,,50,360.65,,,,,,,,,,,,,,,,,,,,,,,1,8,,,,,,,,,21,134.75,,,,,,,,,,,,,,,URBAN,86,604.95, 393.00 , 20.00 , 373.00 
ESRAT  ALI,1B000328,,,,,,,,,,,,,,,,,63,437.05,,,,,12,108,,,32,261,,,,,,,,,,,,,,,2,20,,,,,,,2,30.4,,,,,,,,,19,166,,,,,,,,,,2000,,,,,RURAL,130,3022.45," 2,267.00 ", 113.00 ," 2,154.00 "
FAISAL  FAISAL,1B000134,,,,,22,440,,,1,10,,,,,,,,,,,,,,,,,22,269,,,,,,,8,83,,,,,,,,,,,,,,,,,,,,,,,,,32,138,,,,,,,,,,,,,,,SEMI URBAN,85,940, 611.00 , 31.00 , 580.00 
FAREED AHMAD SIDDIQUI,1B000006,,,82,1394,1,22,,,,,20,100,,,,,5,34,,,57,114,18,132.75,1,10,125,1516.8,,,,,8,59.88,41,475.55,,,1,17,1,20,,,,,,,,,,,,,,,,,,,174,1257.13,,,,,,,,,,,,,,,URBAN,534,5153.11," 3,350.00 ", 168.00 ," 3,182.00 "
GANESH CHANDRA SUR,1B000165,,,,,,,5,100,10,100,,,,,,,101,891.25,35,70,180,360,,,,,278,2803.5,,,,,87,732.4,278,3228,,,3,45,56,753,7,70,,,,,4,20,,,324,2132.25,10,20,3,17.5,,,90,711.5,,,,,,,,,,2000,,,,,RURAL,1471,14054.4," 10,541.00 ", 527.00 ," 10,014.00 "
GANESHWAR  SAHU,1B000162,,,6,90,3,60,,,,,4,20,,,,,15,106.08,,,2,4,12,53.5,,,40,408.11,,,,,,,,,,,,,,,,,,,,,,,,,,,,,,,,,34,203.5,,,,,,,,,,2000,,,,,RURAL,116,2945.19," 2,209.00 ", 110.00 ," 2,099.00 "
GANGA SAHAI MEENA,1B000118,1,25,4,68,1,22,1,22,,,,,,,,,24,243,,,26,52,11,157,6,88,85,1206.75,,,,,,,3,32.5,,,,,,,,,,,,,,,,,,,,,,,,,90,795.63,,,,,,,,,,,,,,,METRO,252,2711.88," 1,763.00 ", 88.00 ," 1,675.00 "
GANIPE  SUDEER,1B000231,,,,,2,44,1,22,,,2,10,,,,,13,116.55,1,2,53,106,21,74.25,4,80,110,1282.55,,,,,,,2,26,,,,,,,,,,,,,,,,,7,81.5,,,,,,,68,617,,,,,,,,,,,,,,,URBAN,284,2461.85," 1,600.00 ", 80.00 ," 1,520.00 "
GARIMA  SINGHAL,1B000184,,,,,,,,,,,,,,,,,8,60.21,,,,,,,,,6,73.6,,,,,,,1,12.65,,,,,,,,,,,,,,,,,,,,,,,,,9,60,,,,,,,,,,,,,,,URBAN,24,206.46, 134.00 , 7.00 , 127.00 
GARIMA  TRIPATHI,1B000189,,,,,,,,,,,,,,,,,5,39,,,,,5,49,,,10,148,,,,,,,,,,,,,,,,,,,,,,,2,16,,,,,,,,,13,123,,,,,,,,,,,,,,,SEMI URBAN,35,375, 244.00 , 12.00 , 232.00 
GEETIKA  PHUKON,1B000166,,,,,3,60,,,,,,,,,0,3456.62,12,142.2,7,14,4,8,4,24.75,,,6,57,,,,,10,38.75,3,40,,,,,3,53,,,,,,,,,1,8,,,5,10,,,,,15,87.68,,,,,,,,,,,,,,,SEMI URBAN,73,4000," 2,600.00 ", 130.00 ," 2,470.00 "
GOLLA  RAVIKUMAR,1B000306,,,1,15,1,20,,,2,20,,,,,,,3,23,,,,,,,,,1,15,,,,,,,4,43.5,,,,,,,,,,,,,,,1,12,,,,,,,,,5,34.5,,,,,,,,,,,,,,,RURAL,18,183, 137.00 , 7.00 , 130.00 
GOLU  KUSHWAHA,1B000154,,,1,15,,,,,,,1,5,,,,,21,207.5,12,24,19,38,11,91.25,,,57,867.5,,,,,,,1,20,,,25,245,55,719.5,,,,,,,1,5,,,1,10,6,12,,,,,106,946.63,,,,,,,,,,2000,,,,,RURAL,317,5206.38," 3,905.00 ", 195.00 ," 3,710.00 "
GOPIKANHEI  HANSDA,1B000085,,,,,1,20,,,12,120,,,,,,,12,151,,,11,22,2,15,1,15,61,728.5,,,,,33,174.75,29,304,,,,,,,1,10,,,,,,,,,,,,,,,,,85,557.31,,,,,,,,,,2000,,,,,RURAL,248,4117.56," 3,088.00 ", 154.00 ," 2,934.00 "
GOVINDU  SASIKALA,1B000317,,,,,,,,,,,,,,,,,2,8,,,2,4,,,,,13,218.5,,,,,,,,,,,,,,,,,,,,,,,,,25,325,,,,,,,24,216.87,,,,,,,,,,,,,,,URBAN,66,772.37, 502.00 , 25.00 , 477.00 
GRANDHI SUMAN KUMAR,1B000249,,,,,,,,,,,,,,,,,,,,,,,,,,,1,3,,,,,,,,,,,,,,,,,,,,,,,,,,,,,,,,,,,,,,,,,,,,,,,,,SEMI URBAN,1,3, 2.00 , -   , 2.00 
GULASHAN  SINGH,1B000045,,,,,,,,,,,,,,,,,9,76.5,,,2,4,20,190.25,,,73,960.5,,,,,1,2.5,10,121,,,,,,,,,,,,,,,2,36.8,1,10,,,,,,,36,284.5,,,,,,,,,,2000,,,,,RURAL,154,3686.05," 2,765.00 ", 138.00 ," 2,627.00 "
GUNJI  THIRUPATHAMMA,1B000258,,,,,,,,,,,,,,,,,6,59,6,12,223,446,47,427.63,,,226,2671.4,,,,,,,,,,,,,,,1,10,,,,,,,,,24,252,,,,,,,42,309.38,,,,,,,,,,,,,,,SEMI URBAN,575,4187.41," 2,722.00 ", 136.00 ," 2,586.00 "
GUTHULA  MANIKAANTA,1B000190,,,,,1,20,,,,,,,,,,,94,1137,58,116,203,406,38,531,,,263,3955,,,,,,,80,1311,,,,,,,2,20,,,,,,,,,75,747.25,,,,,,,231,1842,,,,,,,,,,,,,,,SEMI URBAN,1045,10085.25," 6,555.00 ", 328.00 ," 6,227.00 "
GYAN  SINGH,1B000161,,,22,374,1,22,1,22,,,2,10,,,,,18,215.7,,,,,4,44.5,,,7,95,,,,,,,1,4,1,2,,,2,7,,,,,,,4,20,,,,,,,1,2,,,23,123,,,,,,,,,,,,,,,URBAN,87,941.2, 612.00 , 31.00 , 581.00 
HALIMA  KHATUN,1B000065,,,2,30,,,,,,,1,5,,,,,106,1100.65,6,12,280,560,43,516,8,84,417,4693,,,,,11,66.7,84,1096,,,18,204,17,222.5,,,,,,,1,5,,,1,8,2,4,14,133.25,,,75,732.83,,,,,,,,,,2000,,,,,RURAL,1086,11472.93," 8,605.00 ", 430.00 ," 8,175.00 "
HANSARAJ MAHADEV PAWAR,1B000295,,,,,,,,,,,,,,,,,12,110.5,,,199,398,28,209.57,10,152,182,1873,,,,,,,2,35,,,,,,,,,,,,,,,,,,,,,,,,,19,180.5,,,,,,,,,,2000,,,,,RURAL,452,4958.57," 3,719.00 ", 186.00 ," 3,533.00 "
HARENDRA  KUMAR,1B000145,,,3,51,18,396,1,22,3,30,,,,,,,112,964,3,6,6,12,12,154.25,,,158,2154,,,,,12,119,124,1638.5,,,4,68,24,421.5,,,,,,,6,30,2,22.4,1,10,1,2,1,18,,,124,1236,,,,,,,,,,,,,,,URBAN,615,7354.65," 4,781.00 ", 239.00 ," 4,542.00 "
HARKINDER  SINGH,1B000040,,,10,170,4,88,,,1,10,3,15,,,,,10,99,,,,,,,,,7,65,,,,,,,,,,,1,3,,,,,,,,,,,,,,,,,,,,,10,85.5,,,,,,,,,,,,,,,URBAN,46,535.5, 348.00 , 17.00 , 331.00 
HARSHITA  PARET,1B000078,,,,,,,,,,,,,,,,,,,,,,,,,,,,,,,,,,,,,,,,,,,,,,,,,,,,,,,,,,,,,,,,,,,,1000,,,,,,,,,RURAL,,1000, 750.00 , 38.00 , 712.00 
HASNOOR  ALI,1B000113,,,9,153,34,748,1,22,1,10,,,,,,,141,1218.8,,,15,30,32,172.77,,,177,1822.65,,,,,,,,,,,5,46.5,7,67,,,,,,,2,10,,,,,,,1,9.25,,,111,1007.19,,,,,,,,,,,,,,,URBAN,536,5317.16," 3,456.00 ", 173.00 ," 3,283.00 "
HEERA  LAL,1B000171,,,13,221,6,132,2,44,2,20,10,50,,,,,13,104,,,1,2,,,,,17,184.5,,,,,,,1,3,,,,,,,,,,,,,,,,,,,,,,,,,29,248.5,,,,,,,,,,,,,,,URBAN,94,1009, 656.00 , 33.00 , 623.00 
HEMANT KUMAR HIMANSU,1B000131,,,1,15,10,200,1,20,2,20,3,15,,,,,29,415.5,1,2,35,70,43,516,8,111,99,1528.9,,,,,,,9,80.5,,,2,18,4,58,1,10,,,,,,,,,,,,,,,,,40,373.75,,,,,,,,,,2000,,,,,RURAL,288,5453.65," 4,090.00 ", 205.00 ," 3,885.00 "
HMINGTHANSANGA  RALTE,1B000174,,,,,,,,,,,,,,,,,,,,,,,,,,,,,,,,,,,,,,,,,,,,,,,,,,,,,,,,,,,,,,,,,,,,1000,,,,,,,,,RURAL,,1000, 750.00 , 38.00 , 712.00 
HUKAMA  RAM,1B000003,,,,,,,,,,,,,,,,,3,45,1,2,1,2,11,125,11,162,234,2838.5,,,,,,,2,30,,,1,15,1,5,,,,,,,,,,,1,8,2,4,,,,,61,557.75,,,,,,,,,,2000,,,,,RURAL,329,5794.25," 4,346.00 ", 217.00 ," 4,129.00 "
HUMA  VANLALHUMA,1B000044,,,,,,,,,,,,,,,,,,,,,,,,,,,,,,,,,,,,,,,,,,,,,,,,,,,,,,,,,,,,,,,,,,,,1000,,,,,,,,,RURAL,,1000, 750.00 , 38.00 , 712.00 
IDADASARI  VENKATARAO,1B000283,,,2,30,,,,,1,10,,,,,,,75,900.6,1,2,264,528,,,,,245,3063.9,,,,,,,,,,,,,,,1,10,,,,,,,,,15,134,,,,,,,70,588.23,,,,,,,,,,2000,,,,,RURAL,674,7266.73," 5,450.00 ", 273.00 ," 5,177.00 "
IRSHAD  IRSHAD,1B000138,,,,,,,,,,,,,,,,,,,,,,,,,,,5,75,,,,,,,3,37.75,,,,,,,,,,,,,2,10,,,,,,,,,,,6,62,,,,,,,,,,,,,,,RURAL,16,184.75, 139.00 , 7.00 , 132.00 
JAGJIT  SINGH,1B000169,,,3,45,,,,,,,4,20,,,,,1,3,,,,,,,,,2,11.5,,,,,,,,,,,,,,,,,,,,,,,,,,,,,,,,,3,8.25,,,,,,,,,,,,,,,SEMI URBAN,13,87.75, 57.00 , 3.00 , 54.00 
JAMEELA P S,1B000221,,,,,,,,,,,,,,,,,,,,,,,,,,,,,,,,,,,,,,,,,,,,,,,,,,,,,,,,,,,,,,,,,,,,1000,,,,,,,,,RURAL,,1000, 750.00 , 38.00 , 712.00 
JANKI  CHERPA,1B000075,,,,,,,,,,,,,,,,,,,,,,,,,,,,,,,,,,,,,,,,,,,,,,,,,,,,,,,,,,,,,,,,,,,,1000,,,,,,,,,RURAL,,1000, 750.00 , 38.00 , 712.00 
JASBIR  SINGH,1B000066,,,4,60,,,,,,,,,,,,,3,23,,,3,6,1,2,,,5,36,,,,,,,,,,,,,,,,,,,,,,,,,,,,,,,,,6,32.63,,,,,,,,,,,,,,,SEMI URBAN,22,159.63, 104.00 , 5.00 , 99.00 
JAYDEB  NANDY,1B000127,,,7,105,,,,,,,,,,,,,59,622,18,36,,,1,15,,,36,442,,,,,24,193,15,177,,,,,,,,,,,,,,,,,,,,,,,,,50,333.25,,,,,,,,,,2000,,,,,RURAL,210,3923.25," 2,942.00 ", 147.00 ," 2,795.00 "
JAYSHRI SHAILESH EKLARE,1B000270,,,,,,,,,,,,,,,,,,,,,,,2,10,,,20,177.5,,,,,,,,,,,,,,,,,,,,,,,,,,,,,,,,,16,114.25,,,,,,,,,,,,,,,RURAL,38,301.75, 226.00 , 11.00 , 215.00 
JITENDRA  SHARMA,1B000043,,,1,17,,,,,,,1,5,,,,,2,6,,,,,,,,,,,,,,,,,,,,,,,,,,,,,,,,,,,,,,,,,,,,,,,,,,,,,,,,,,,METRO,4,28, 18.00 , 1.00 , 17.00 
JONA  VANLALRAMCHHANA,1B000294,,,,,,,,,,,,,,,,,,,,,,,,,,,,,,,,,,,,,,,,,,,,,,,,,,,,,,,,,,,,,2,4,,,,,,,,,,,,,,,RURAL,2,4, 3.00 , -   , 3.00 
JUDHISTHIRA  BEHERA,1B000116,,,16,240,,,2,40,,,6,30,,,,,40,303.22,1,2,1,2,,,,,14,171.05,,,,,32,249.38,5,77,,,2,8,19,252.2,,,,,,,9,45,,,,,1,2,,,,,16,79.25,,,,,,,,,,2000,,,1,3,RURAL,165,3504.1," 2,628.00 ", 131.00 ," 2,497.00 "
JUGESH KUMAR VERMA,1B000008,2,44,22,330,4,80,4,80,,,1,5,,,,,235,2210,160,320,250,500,93,727.38,7,101,850,10896,,,,,3,17,4,50,,,,,,,1,10,,,,,,,,,3,29,,,,,,,393,3216.43,,,,,,,,,,2000,,,,,RURAL,2032,20615.81," 15,462.00 ", 773.00 ," 14,689.00 "
KAILASH  BHAKAR,1B000177,,,,,1,20,7,140,,,,,,,,,4,36,,,11,22,,,,,79,705,,,,,,,,,,,,,,,2,20,,,,,,,,,,,,,,,,,17,178,,,,,,,,,,2000,,,,,RURAL,121,3121," 2,341.00 ", 117.00 ," 2,224.00 "
KAILASH GANGADHAR AMDARE,1B000319,,,,,,,,,,,,,,,,,4,28,,,2,4,4,42,,,63,804.25,,,,,,,,,,,,,,,,,,,,,,,,,,,,,,,,,26,263,,,,,,,,,,,,,,,RURAL,99,1141.25, 856.00 , 43.00 , 813.00 
KALPANA  SRIVASTAVA,1B000010,,,11,165,,,,,,,,,,,,,193,1831.01,4,8,18,36,4,23,,,142,1871.85,,,,,24,104.5,57,693.55,,,68,719.5,45,654.56,1,10,,,,,6,30,3,24,,,,,4,28.5,,,83,596,,,,,,,,,,2000,,,,,RURAL,663,8795.47," 6,597.00 ", 330.00 ," 6,267.00 "
KAMALAKANTA  BISWAL,1B000164,,,,,,,,,,,10,50,,,,,88,909,65,130,101,202,,,,,127,1030.65,,,,,,,18,144.25,,,,,,,2,20,,,,,,,,,,,,,,,,,91,695.16,,,,,,,,,,2000,,,,,RURAL,502,5181.06," 3,886.00 ", 194.00 ," 3,692.00 "
KAMALJEET  KAUR,1B000170,,,,,,,,,,,,,,,,,,,,,,,,,,,,,,,,,,,,,,,,,,,,,,,,,,,,,,,,,,,,,,,,,,,,1000,,,,,,,,,METRO,,1000, 650.00 , 33.00 , 617.00 
KANALA MABU SHARIF,1B000250,,,2,30,,,1,20,,,,,,,,,27,238.15,12,24,3,6,10,74,,,14,88.2,,,,,,,,,,,,,,,,,,,,,,,,,,,,,,,,,3,20,,,,,,,,,,,,,,,SEMI URBAN,72,500.35, 325.00 , 16.00 , 309.00 
KANCHAN  RAI,1B000028,,,,,,,,,,,,,0,25.85,,,18,187.5,,,,,,,,,134,1996,,,,,,,3,45,,,,,,,,,,,,,,,,,1,10,,,,,,,76,735.65,,,,,,,,,,,,,,,URBAN,232,3000," 1,950.00 ", 98.00 ," 1,852.00 "
KARAN  GUPTA,1B000193,,,10,170,1,22,,,,,2,10,,,,,12,147,,,2,4,,,,,10,118.5,,,,,,,,,,,,,,,,,,,,,,,,,,,,,,,,,28,237.5,,,,,,,,,,,,,,,URBAN,65,709, 461.00 , 23.00 , 438.00 
KARIMULLA  KARIMULLA,1B000329,,,1,15,2,40,,,,,3,15,,,,,86,757.5,2,4,39,78,18,152.5,,,217,2295.5,,,,,18,189,40,385.1,,,,,,,6,60,,,,,,,,,2,10,,,,,,,86,775.78,,,,,,,,,,2000,,,,,RURAL,520,6777.38," 5,083.00 ", 254.00 ," 4,829.00 "
KARTIK CHANDRA MOHAKUD,1B000087,,,,,,,,,6,60,6,30,,,,,193,2183,84,168,81,162,33,255.5,,,190,2237,,,,,68,535.88,82,1187.5,,,21,307.5,88,1134,,,,,,,2,10,1,18.4,,,25,50,10,82,,,97,803.13,,,,,,,,,,2000,,,,,RURAL,987,11223.91," 8,418.00 ", 421.00 ," 7,997.00 "
KESHAV DIGAMBAR KARPE,1B000320,,,3,45,1,20,,,,,,,,,,,,,,,3,6,6,54.75,,,9,102,,,,,,,,,,,,,,,,,,,,,,,,,,,,,,,,,2,4,,,,,,,,,,,,,,,RURAL,24,231.75, 174.00 , 9.00 , 165.00 
KHERU  NISHA,1B000248,,,18,270,1,20,,,,,,,,,,,24,276,,,,,,,,,6,66,,,,,,,,,,,,,,,,,,,,,,,,,,,,,,,,,13,104.25,,,,,,,,,,,,,,,RURAL,62,736.25, 552.00 , 28.00 , 524.00 
KIRAN  GUPTA,1B000027,,,,,,,,,,,,,,,,,62,570,3,6,14,28,7,43.5,,,148,1578,,,,,,,,,,,,,,,,,,,,,,,,,,,,,,,,,70,609.75,,,,,,,,,,2000,,,,,RURAL,304,4835.25," 3,626.00 ", 181.00 ," 3,445.00 "
KIRAN  KUMARI,1B000284,,,,,,,,,,,,,,,,,,,,,,,,,,,,,,,,,,,,,,,,,,,,,,,,,,,,,,,,,,,,,1,2,,,,,,,,,,,,,,,METRO,1,2, 1.00 , -   , 1.00 
KISHAN LAL PANWAR,1B000186,,,,,,,,,,,,,,,,,,,,,,,,,,,1,3,,,,,,,,,,,,,,,,,,,,,,,,,,,,,,,,,,,,,,,,,,,,,,,,,RURAL,1,3, 2.00 , -   , 2.00 
KRISHNAKANTA  GUNDUHALA,1B000096,,,,,5,100,,,4,40,1,5,,,,,21,152.5,5,10,11,22,,,,,5,33,,,,,3,15,5,51,,,,,,,,,,,,,,,,,,,,,,,,,17,75,,,,,,,,,,,,,,,RURAL,77,503.5, 378.00 , 19.00 , 359.00 
KRUTHIKA  K,1B000207,,,,,,,,,,,,,,,,,,,,,,,,,,,,,,,,,,,,,,,,,,,,,,,,,,,,,,,,,,,,,1,2,,,,,,,,,,,,,,,URBAN,1,2, 1.00 , -   , 1.00 
KULDEEP  KULDEEP,1B000002,,,,,,,,,,,,,,,,,,,,,,,,,,,6,18,,,,,,,,,,,,,,,,,,,,,,,,,,,,,,,,,6,12,,,,,,,,,,,,,,,SEMI URBAN,12,30, 20.00 , 1.00 , 19.00 
KULDIP  SHARMA,1B000035,,,,,,,,,,,,,,,,,18,168.55,,,,,,,,,34,395.78,,,,,,,,,,,,,,,,,,,,,,,,,,,,,,,,,34,269,,,,,,,,,,,,,,,RURAL,86,833.33, 625.00 , 31.00 , 594.00 
KUNAL  KUNAL,1B000106,,,,,,,,,,,,,,,,,,,,,,,,,,,,,,,,,,,,,,,,,,,,,,,,,,,,,,,,,,,,,,,,,,,,1000,,,,,,,,,SEMI URBAN,,1000, 650.00 , 33.00 , 617.00 
KURBAN  ALI,1B000327,,,,,,,,,,,,,,,,,34,423,,,18,36,8,51,,,43,464,,,,,,,10,128.5,,,,,,,,,,,,,,,,,5,60,,,,,,,17,154,,,,,,,,,,2000,,,,,RURAL,135,3316.5," 2,487.00 ", 124.00 ," 2,363.00 "
KUSUMA  YR,1B000304,,,,,,,,,,,,,,,,,8,67,,,1,2,1,3.03,,,15,129.25,,,,,,,,,,,,,,,,,,,,,,,,,,,,,,,,,9,67.25,,,,,,,,,,,,,,,SEMI URBAN,34,268.53, 175.00 , 9.00 , 166.00 
L  LINDA,1B000243,,,,,,,,,,,,,,,,,1,3,,,1,2,1,3.75,,,,,,,,,,,,,,,,,,,,,,,,,,,,,,,,,,,,,,,,,,,,,,,,,,,,,RURAL,3,8.75, 7.00 , -   , 7.00 
LAHAR  CHADANA,1B000178,,,,,,,,,,,,,,,,,4,12,,,,,,,,,29,304.5,,,,,,,,,,,,,,,,,,,,,,,,,,,,,,,,,9,98,,,,,,,,,,,,,,,RURAL,42,414.5, 311.00 , 16.00 , 295.00 
LALAN  KUMAR,1B000009,,,1,15,4,80,,,1,10,,,,,,,91,955.5,88,176,159,318,20,110.5,4,53,238,3039,,,,,33,343.5,40,552.5,,,2,18,3,23,,,,,,,,,,,,,,,,,,,69,631.5,,,,,,,,,,,,,,,SEMI URBAN,753,6325.5," 4,112.00 ", 206.00 ," 3,906.00 "
LALHMUNMAWIA  CHAWNGTHU,1B000059,,,,,,,,,1,10,,,,,,,,,,,,,,,,,5,88,,,,,,,,,,,,,,,,,,,,,,,,,,,,,,,,,14,120.75,,,,,,,,,,,,,,,SEMI URBAN,20,218.75, 142.00 , 7.00 , 135.00 
LALRUATKIMI  LALRUATKIMI,1B000030,,,,,,,,,,,,,,,,,,,,,,,,,,,,,,,,,,,,,,,,,,,,,,,,,,,,,,,,,,,,,,,,,,,,1000,,,,,,,,,RURAL,,1000, 750.00 , 38.00 , 712.00 
MAGAM  HANUMANTHARAO,1B000202,,,,,,,,,,,,,,,,,17,160.5,,,,,,,,,14,97.55,,,,,,,,,,,,,,,,,,,,,,,,,,,,,,,,,9,96,,,,,,,,,,,,,,,URBAN,40,354.05, 230.00 , 12.00 , 218.00 
MAHAT KUMAR BEHERA,1B000055,,,,,,,,,10,100,2,10,,,,,193,1462,4,8,99,198,27,176.69,,,161,1688,,,,,147,972.75,218,2183.5,1,2,19,238,72,1012.5,13,130,1,15,,,8,40,2,16,14,101.5,35,70,4,28.5,11,145,133,942.16,,,,,,,,,,2000,,,,,RURAL,1174,11539.6," 8,655.00 ", 433.00 ," 8,222.00 "
MAHENDRA KUMAR SAHU,1B000058,,,,,,,,,,,,,,,,,43,344.06,5,10,,,,,,,21,206.5,,,,,,,,,,,,,,,,,,,,,,,,,,,,,,,,,26,180.75,,,,,,,,,,,,,,,RURAL,95,741.31, 556.00 , 28.00 , 528.00 
MALLAVARAPU  BHULAKSHMI,1B000309,,,5,75,,,,,,,5,25,,,,,136,1468.75,72,144,9,18,,,,,18,249.5,,,,,,,4,55,1,2,,,,,,,,,,,,,,,,,,,,,,,62,483.38,,,,,,,,,,2000,,,,,RURAL,312,4520.63," 3,390.00 ", 170.00 ," 3,220.00 "
MANAMANJALI  SAHU,1B000122,,,,,,,,,,,35,175,,,,,150,1178.57,71,142,3,6,2,18,2,22,123,1299.75,,,,,52,259.3,34,476,,,,,,,,,,,,,,,,,,,,,,,,,173,1215.38,,,,,,,,,,2000,,,,,RURAL,645,6792," 5,094.00 ", 255.00 ," 4,839.00 "
MANIKA VENKATA LAKSHMI,1B000196,,,,,,,,,,,,,,,,,7,36.6,1,2,1,2,,,,,4,29,,,,,,,,,,,,,,,,,,,,,,,,,,,,,,,,,8,30.9,,,,,,,,,,,,,,,SEMI URBAN,21,100.5, 65.00 , 3.00 , 62.00 
MANIKANT  YADAV,1B000050,,,,,,,,,,,,,0,2259.9,,,17,135.1,3,6,2,4,2,30,2,36,28,340.5,,,,,,,,,,,,,2,20,,,,,,,,,1,8,,,,,,,,,19,160.5,,,,,,,,,,,,,,,RURAL,76,3000," 2,250.00 ", 113.00 ," 2,137.00 "
MANOJ  KUMAR,1B000181,,,11,187,,,,,,,,,,,,,,,,,1,2,,,,,38,558.5,,,,,,,1,17,,,,,,,,,,,,,,,,,2,9.5,,,,,,,88,792.75,,,,,,,,,,,,,,,URBAN,141,1566.75," 1,018.00 ", 51.00 , 967.00 
MANOJ  MANOJ,1B000141,,,4,60,,,,,,,,,,,,,1,3,,,,,1,2,,,2,10.5,,,,,,,,,,,,,,,,,,,,,,,,,,,,,,,,,8,17.75,,,,,,,,,,,,,,,SEMI URBAN,16,93.25, 61.00 , 3.00 , 58.00 
MANOJ KUMAR NAIK,1B000149,,,20,300,,,,,,,8,40,,,,,121,1053.75,62,124,81,162,34,293.5,,,132,1367.15,,,,,4,26,6,80,,,,,,,2,20,,,,,,,,,,,,,,,,,68,498.18,,,,,,,,,,2000,,,,,RURAL,538,5964.58," 4,473.00 ", 224.00 ," 4,249.00 "
MANOJ KUMAR SINGH,1B000016,,,,,5,100,,,17,170,,,,,,,208,2298,27,54,30,60,105,896,3,51,525,6731.25,,,,,89,577.5,117,1536,3,6,51,601.5,145,2081.5,,,,,,,2,10,2,41.6,,,5,10,,,1,10,253,2064.75,,,,,,,,,,2000,,,,,RURAL,1588,19299.1," 14,474.00 ", 724.00 ," 13,750.00 "
MANORANJAN  DAS,1B000135,,,,,,,,,,,,,,,,,2,30,,,,,,,,,1,3,,,,,,,5,76,,,,,,,,,,,,,,,,,,,,,,,,,4,42,,,,,,,,,,,,,,,RURAL,12,151, 113.00 , 6.00 , 107.00 
MARASU  PAVAN,1B000280,,,,,,,1,20,1,10,2,10,,,,,8,62,,,5,10,1,2,,,140,1983.15,,,,,,,,,,,,,,,,,,,,,,,,,6,58.5,,,,,,,118,1006.75,,,,,,,,,,2000,,,,,RURAL,282,5162.4," 3,872.00 ", 194.00 ," 3,678.00 "
MAUMITA  SAHOO,1B000228,,,,,,,,,,,,,,,,,9,91.5,4,8,3,6,11,103,,,15,203,,,,,1,8,3,33,,,,,,,,,,,,,,,1,22.4,,,,,,,,,6,46.5,,,,,,,,,,,,,,,RURAL,53,521.4, 391.00 , 20.00 , 371.00 
MAYANK  KATARIYA,1B000335,,,,,,,,,,,,,,,,,5,58,,,2,4,1,18,,,3,51,,,,,7,118,,,,,,,,,,,,,,,,,,,,,,,,,,,113,1306,,,,,,,,,,,,,,,URBAN,131,1555," 1,011.00 ", 51.00 , 960.00 
MD MUSTAKIM ANSARI,1B000052,2,44,,,4,80,1,20,,,,,,,,,126,1146.5,91,182,23,46,20,260,,,36,384.5,,,,,,,1,15,,,,,,,,,,,,,,,,,,,,,,,,,2,12.5,,,,,,,,,,2000,,,,,RURAL,306,4190.5," 3,143.00 ", 157.00 ," 2,986.00 "
MERVA  LAKSHMIDEVI,1B000318,,,,,,,,,,,,,,,,,8,108,,,2,4,6,37,,,17,279,,,,,,,,,,,,,,,,,,,,,,,,,9,119,,,,,,,75,585.25,,,,,,,,,,,,,,,URBAN,117,1132.25, 736.00 , 37.00 , 699.00 
MGURU SIVA REDDY,1B000277,,,,,,,,,,,,,,,,,30,287.85,,,,,11,96.25,,,14,204,,,,,1,15,6,66.1,,,,,,,,,,,,,,,,,,,,,,,,,6,40.5,,,,,,,,,,,,,,,RURAL,68,709.7, 532.00 , 27.00 , 505.00 
MIHIR  VARSHNEY,1B000114,,,,,41,902,1,22,10,100,,,,,,,20,222.2,,,24,48,,,,,45,576.5,,,,,,,1,20,,,2,22,3,59,1,10,,,,,5,25,,,,,4,8,,,,,88,764.13,,,,,,,,,,,,,1,12.5,URBAN,246,2791.33," 1,814.00 ", 91.00 ," 1,723.00 "
MITHU  MITHU,1B000330,,,,,,,,,,,,,,,,,10,63.75,,,1,2,,,,,7,93,,,,,,,,,,,,,,,,,,,,,,,,,,,,,,,,,9,73.18,,,,,,,,,,,,,,,RURAL,27,231.93, 174.00 , 9.00 , 165.00 
MOHAMED  NAUSHAD,1B000209,,,,,,,,,,,,,,,,,2,20,,,,,,,,,1,17,,,,,,,,,,,,,,,,,,,,,,,,,,,,,,,,,4,26,,,,,,,,,,,,,,,METRO,7,63, 41.00 , 2.00 , 39.00 
MOHAMMAD DAUD ALI,1B000129,,,1,15,,,,,,,,,,,,,51,532.5,2,4,41,82,,,,,136,1452,,,,,17,245,26,350.5,,,2,6,1,15,,,,,,,,,,,,,,,,,,,30,324.5,,,,,,,,,,2000,,,,,RURAL,307,5026.5," 3,770.00 ", 189.00 ," 3,581.00 "
MOHAN  CHAUHAN,1B000037,,,,,,,,,,,,,,,,,3,39,3,6,2,4,14,141.75,,,7,106,,,,,,,11,202.5,,,,,,,,,,,,,,,,,,,,,,,,,8,87.5,,,,,,,,,,,,,,,URBAN,48,586.75, 381.00 , 19.00 , 362.00 
MOHD  AADIL,1B000299,,,26,390,9,180,,,,,,,,,,,48,554,,,1,2,19,222.75,,,48,605.5,,,,,,,,,1,2,18,221,17,178.5,,,,,,,16,80,,,,,,,,,,,30,199.38,,,,,,,,,,,,,,,SEMI URBAN,233,2635.13," 1,713.00 ", 86.00 ," 1,627.00 "
MOHD  NISAR,1B000312,,,20,300,,,,,,,,,,,,,1,3,,,,,,,,,1,10,,,,,,,,,,,1,3,4,12,,,,,,,4,20,,,,,,,,,,,5,10,,,,,,,,,,,,,,,SEMI URBAN,36,358, 233.00 , 12.00 , 221.00 
MOHIT  GUPTA,1B000180,,,2,30,,,1,20,,,,,,,,,14,152,,,1,2,,,,,7,71.1,,,,,,,12,121.65,,,,,,,2,20,,,,,,,,,,,,,,,,,14,106.65,,,,,,,,,,,,,,,SEMI URBAN,53,523.4, 340.00 , 17.00 , 323.00 
MOHIT  RAWAT,1B000255,,,2,30,2,40,,,,,,,,,,,5,41,,,,,1,2,,,9,122,,,,,2,18,3,23,,,1,10,1,15,,,,,,,1,5,,,,,,,2,25,,,3,23.5,,,,,,,,,,,,,,,RURAL,32,354.5, 266.00 , 13.00 , 253.00 
MONIKA ARVIND PANDIT,1B000289,,,,,,,,,,,,,,,,,,,,,,,1,2,,,,,,,,,,,,,,,,,,,,,,,,,,,,,,,,,,,,,2,4,,,,,,,,,,,,,,,RURAL,3,6, 5.00 , -   , 5.00 
MONU  SHARMA,1B000198,,,4,60,1,20,,,,,,,,,,,7,55.05,1,2,2,4,,,,,16,177.9,,,,,,,4,33.35,,,,,2,20,,,,,,,,,,,,,,,,,,,19,142.5,,,,,,,,,,,,,,,RURAL,56,514.8, 386.00 , 19.00 , 367.00 
MRITUNJAI  RAI,1B000013,,,,,3,60,,,,,,,,,,,64,639.25,12,24,33,66,37,340.88,,,112,1285.4,,,,,,,9,108,,,6,78,14,257,,,,,,,1,5,,,,,,,,,,,46,445,,,,,,,,,,2000,,,,,RURAL,337,5308.53," 3,981.00 ", 199.00 ," 3,782.00 "
MUBIN  MUBIN,1B000230,,,4,60,,,,,,,,,,,,,17,212.5,1,2,,,,,,,1,15,,,,,,,,,,,,,1,3,,,,,,,2,10,,,,,,,,,,,11,85,,,,,,,,,,,,,,,RURAL,37,387.5, 291.00 , 15.00 , 276.00 
MUKESH  KUMAR,1B000201,,,,,,,,,,,,,,,,,70,690.5,1,2,2,4,12,146.5,,,57,713.25,,,,,,,,,,,,,,,,,,,,,,,,,,,,,,,,,38,329.63,,,,,,,,,,,,,,,SEMI URBAN,180,1885.88," 1,226.00 ", 61.00 ," 1,165.00 "
MUKESH  SANGWA,1B000224,,,,,,,,,,,,,,,,,,,,,1,2,,,,,1,3,,,,,,,,,,,,,,,,,,,,,,,,,,,,,,,,,,,,,,,,,,,,,,,,,RURAL,2,5, 4.00 , -   , 4.00 
MUKESH KUMAR SHARMA,1B000332,,,1,15,,,1,20,,,1,5,,,,,13,98.55,,,6,12,10,96.5,,,254,3389,,,,,,,,,,,,,,,,,,,,,,,3,58.4,,,,,,,,,114,948.75,,,,,,,,,,,,,,,SEMI URBAN,403,4643.2," 3,018.00 ", 151.00 ," 2,867.00 "
MUNNA  DOLEY,1B000167,,,,,,,,,5,50,,,,,0,2474.2,17,159.05,,,,,,,,,31,415.5,,,1,1.25,15,51.75,64,479,,,,,,,,,,,,,,,,,,,,,,,,,47,369.25,,,,,,,,,,,,,,,SEMI URBAN,180,4000," 2,600.00 ", 130.00 ," 2,470.00 "
MUSLIMSHAIK RAHEEM BASHA,1B000267,,,,,,,,,,,,,,,,,8,88,4,8,2,4,,,,,6,67,,,,,,,,,,,,,,,,,,,,,,,,,,,,,,,,,10,70.5,,,,,,,,,,,,,,,SEMI URBAN,30,237.5, 154.00 , 8.00 , 146.00 
MUTTAPPA BHIMAPPA MADALLI,1B000182,,,7,105,,,,,,,1,5,,,,,10,84,4,8,9,18,,,,,9,125,,,,,,,,,,,,,,,,,,,,,,,,,,,,,,,,,8,41.25,,,,,,,,,,,,,,,SEMI URBAN,48,386.25, 251.00 , 13.00 , 238.00 
MVENKATA MANOHAR KUMAR,1B000219,,,4,68,,,,,,,,,,,,,30,327,,,29,58,21,239.75,,,173,1557.3,,,,,,,,,2,4,,,,,,,,,,,,,,,9,117,,,,,,,20,137.38,,,,,,,,,,,,,,,URBAN,288,2508.43," 1,630.00 ", 82.00 ," 1,548.00 "
NAKUL  SHARMA,1B000139,,,,,,,,,,,,,,,,,,,,,,,,,,,5,15,,,,,,,,,,,,,,,,,,,,,,,,,,,,,,,,,4,8,,,,,,,,,,,,,,,SEMI URBAN,9,23, 15.00 , 1.00 , 14.00 
NALLA RATNA LAVANYA,1B000234,,,,,,,,,,,,,,,,,4,40,,,2,4,6,80,2,40,29,388,,,,,,,,,,,,,,,,,,,,,,,,,,,,,,,,,7,89,,,,,,,,,,,,,,,URBAN,50,641, 417.00 , 21.00 , 396.00 
NARESH  RANA,1B000097,,,,,,,,,9,90,,,,,,,84,667.36,72,144,11,22,,,,,23,243.2,,,,,38,221.6,15,103.8,,,3,28,4,28.5,,,,,,,5,25,,,,,2,4,2,17,,,16,85.5,,,,,,,,,,2000,,,,,RURAL,284,3679.96," 2,760.00 ", 138.00 ," 2,622.00 "
NAVIN KUMAR YADAV,1B000130,,,1,15,1,20,,,2,20,21,105,,,,,57,527.29,5,10,53,106,,,,,366,4255.17,,,,,,,101,1060.17,,,2,30,3,18,,,,,,,,,,,,,,,,,,,161,1413.09,,,,,,,,,,2000,,,,,RURAL,773,9579.72," 7,185.00 ", 359.00 ," 6,826.00 "
NAZIM  NAZIM,1B000192,,,32,480,,,,,1,10,3,15,,,,,44,407,,,1,2,,,,,39,289,,,,,,,10,115.5,,,13,115,8,52.5,1,10,,,,,7,35,,,,,,,,,,,63,355.88,,,,,,,,,,2000,,,,,RURAL,222,3886.88," 2,915.00 ", 146.00 ," 2,769.00 "
NEERAJ  MISHRA,1B000020,,,2,34,,,,,,,7,35,0,1889.85,,,21,250.5,,,,,,,,,31,399.65,,,,,,,5,54.5,,,,,,,,,,,,,,,,,3,40,,,,,,,32,296.5,,,,,,,,,,,,,,,URBAN,101,3000," 1,950.00 ", 98.00 ," 1,852.00 "
NEETU  NEETU,1B000132,,,5,75,,,,,,,,,,,,,27,286.9,,,4,8,,,,,13,145.7,,,,,,,1,5,,,,,,,,,,,,,1,5,,,,,,,,,,,20,128.5,,,,,,,,,,,,,,,SEMI URBAN,71,654.1, 425.00 , 21.00 , 404.00 
NEHA  KUMARI,1B000210,,,,,5,100,,,,,,,,,,,,,,,,,1,2,,,5,45,,,,,,,,,,,,,,,,,,,,,,,,,,,,,,,,,5,23,,,,,,,,,,,,,,,SEMI URBAN,16,170, 111.00 , 6.00 , 105.00 
NIKHIL  KUMAR,1B000155,,,2,30,2,40,5,100,,,2,10,,,,,,,1,2,,,,,,,11,118.5,,,,,,,,,,,,,,,,,,,,,,,,,,,,,,,,,13,100.25,,,,,,,,,,,,,,,SEMI URBAN,36,400.75, 260.00 , 13.00 , 247.00 
NIRAJ KUMAR PATWA,1B000095,,,16,272,,,,,,,4,20,,,,,82,718,15,30,20,40,1,5,3,44,106,1324.5,,,,,,,6,49.5,,,,,1,3,,,,,,,,,,,,,,,,,,,91,999.75,,,,,,,,,,,,,,,URBAN,345,3505.75," 2,279.00 ", 114.00 ," 2,165.00 "
NORABELL  SNAITANG,1B000102,,,,,,,,,,,24,120,,,,,,,,,,,,,,,,,,,,,,,,,,,,,,,,,,,,,,,,,,,,,,,,,,,,,,,,,,,,,,,,,RURAL,24,120, 90.00 , 5.00 , 85.00 
NUKALA  MANIKANTA,1B000263,,,5,75,,,,,,,,,,,,,308,2884.11,381,762,74,148,25,337,,,85,872.5,,,,,,,,,,,,,,,,,,,,,,,,,,,,,,,,,16,180,,,,,,,,,,,,,,,SEMI URBAN,894,5258.61," 3,418.00 ", 171.00 ," 3,247.00 "
NURUL  HAQUE,1B000216,,,,,,,,,,,,,,,,,23,145.55,,,,,,,,,7,31,,,,,3,14.5,28,187.75,,,,,,,,,,,,,,,,,,,,,,,,,9,66.25,,,,,,,,,,,,,,,SEMI URBAN,70,445.05, 289.00 , 14.00 , 275.00 
OBAIDUR  RAHAMAN,1B000220,,,1,15,4,80,,,1,10,,,,,,,41,413,,,34,68,3,28.5,,,78,1056,,,,,,,3,20,,,,,,,3,30,,,,,,,4,95.2,,,,,,,,,98,810.5,,,,,,,,,,,,,,,SEMI URBAN,270,2626.2," 1,707.00 ", 85.00 ," 1,622.00 "
OM PARKASH BHAGAT,1B000082,,,,,1,22,,,,,,,,,,,,,,,,,,,,,2,37,,,,,,,,,,,,,,,,,,,,,,,,,,,,,,,,,2,30,,,,,,,,,,,,,,,URBAN,5,89, 58.00 , 3.00 , 55.00 
PARDIP KUMAR VERMA,1B000112,,,9,135,,,,,,,1,5,,,,,4,30,,,,,,,,,35,305.5,,,,,,,,,,,,,,,,,,,,,,,,,,,,,,,,,12,96.75,,,5,25,,,,,,,,,,,SEMI URBAN,66,597.25, 388.00 , 19.00 , 369.00 
PARMESHWAR SHESHERAO BABAR,1B000321,,,,,,,,,,,,,,,,,,,,,28,56,,,,,33,384.24,,,,,,,,,,,,,,,,,,,,,,,,,,,,,,,,,20,145.5,,,,,,,,,,,,,,,RURAL,81,585.74, 439.00 , 22.00 , 417.00 
PASUPULA  KRISHNAIAH,1B000269,,,,,,,,,,,,,,,,,5,65.5,3,6,24,48,2,7,,,25,287.95,,,,,,,,,,,,,,,,,,,,,,,,,3,26.25,,,,,,,16,131,,,,,,,,,,,,,,,SEMI URBAN,78,571.7, 372.00 , 19.00 , 353.00 
PATNAM  SUNITHA,1B000200,,,,,1,22,,,2,20,1,5,,,,,21,240,20,40,63,126,,,,,63,748.95,,,,,,,,,,,,,,,,,,,,,,,,,19,226.5,,,,,,,27,187.5,,,,,,,,,,,,,,,URBAN,217,1615.95," 1,050.00 ", 53.00 , 997.00 
PAVITHRA  GURUSIDAPPA,1B000176,,,,,,,,,,,,,,,,,1,3,,,1,2,,,,,4,55,,,,,,,2,30,,,,,,,,,,,,,,,,,,,,,,,,,14,104.75,,,,,,,,,,,,,,,SEMI URBAN,22,194.75, 127.00 , 6.00 , 121.00 
PINNU  KUMAR,1B000063,,,7,105,,,,,,,,,,,,,452,4269.8,229,458,63,126,,,5,75,166,2356.5,,,,,,,8,61,,,,,,,,,,,,,,,,,,,,,,,,,199,1740.27,,,,,,,,,,2000,,,,,RURAL,1129,11191.57," 8,394.00 ", 420.00 ," 7,974.00 "
POONAM  KANWAR,1B000191,2,44,3,45,2,40,1,20,1,10,,,,,,,4,60,,,6,12,28,373.5,7,108,86,1340.75,,,,,67,977,2,14,,,,,,,1,10,,,,,,,,,1,10,,,,,,,698,6964.81,,,,,,,,,,2000,,,,,RURAL,909,12029.06," 9,022.00 ", 451.00 ," 8,571.00 "
PRAHLAD  MAURYA,1B000091,,,15,255,,,,,,,1,5,,,,,69,787,1,2,10,20,18,177,,,177,1973.5,,,,,18,240.25,17,155.5,,,43,384,59,771.5,,,,,,,7,35,1,28,,,,,3,6.75,,,102,948.21,,,,,,,,,,,,,,,URBAN,541,5788.71," 3,763.00 ", 188.00 ," 3,575.00 "
PRAKASH  PRAKASH,1B000004,1,25,1,17,,,,,,,,,,,,,1,3,,,,,,,,,1,3,,,,,,,,,,,,,,,,,,,,,,,,,,,,,,,,,,,,,,,,,,,,,,,,,METRO,4,48, 31.00 , 2.00 , 29.00 
PRAMOD UTTAM ATKORE,1B000310,,,,,,,,,,,,,,,,,,,,,3,6,,,31,114,6,20.5,,,,,,,,,,,,,,,,,,,,,,,,,,,,,,,,,3,6.75,,,,,,,,,,,,,,,RURAL,43,147.25, 110.00 , 6.00 , 104.00 
PRITI  VARNWAL,1B000053,,,1,15,,,,,,,,,,,,,17,154,,,11,22,2,10,,,72,1054.5,,,,,,,2,27,,,,,,,,,,,,,,,3,54.4,9,52.75,,,,,,,120,872.03,,,,,,,,,,2000,,,,,RURAL,237,4261.68," 3,196.00 ", 160.00 ," 3,036.00 "
PRIYAMBADA  SAHU,1B000100,,,,,5,100,,,1,10,,,,,,,7,95,,,8,16,9,49.5,,,25,284,,,,,203,565,55,456,,,1,3,,,,,,,,,,,,,,,,,,,,,7,43.25,,,,,,,,,,2000,,,,,RURAL,321,3621.75," 2,716.00 ", 136.00 ," 2,580.00 "
PRUTHVI K V,1B000223,,,,,,,,,,,,,,,,,,,,,,,,,,,,,,,,,,,,,,,,,,,,,,,,,,,,,,,,,,,,,2,4,,,,,,,,,,,,,,,URBAN,2,4, 3.00 , -   , 3.00 
PUVVADA VENKATA VAMSIKRISHNA,1B000282,,,,,,,,,,,,,,,,,,,,,,,,,,,,,,,,,,,,,,,,,,,,,,,,,,,,,,,,,,,,,,,,,,,,1000,,,,,,,,,RURAL,,1000, 750.00 , 38.00 , 712.00 
PYAR JYOTI TAW,1B000204,,,,,36,720,,,,,,,,,0,3272,,,,,,,,,,,,,,,,,,,,,,,,,,,,,,,,,,,,,,,,,,,,,4,8,,,,,,,,,,,,,,,RURAL,40,4000," 3,000.00 ", 150.00 ," 2,850.00 "
RAGHAVENDRA  R,1B000197,,,2,34,,,2,44,,,,,,,,,16,172,,,,,,,,,12,163,,,,,,,,,,,,,,,,,,,,,,,1,17.6,,,,,,,,,16,142.75,,,,,,,,,,,,,,,URBAN,49,573.35, 373.00 , 19.00 , 354.00 
RAGINI PRAKASH YATI,1B000117,,,1,17,2,44,,,4,40,4,20,,,,,,,,,,,,,,,2,22.5,,,,,,,,,,,,,,,,,,,,,,,,,,,,,,,,,2,4,,,,,,,,,,,,,,,URBAN,15,147.5, 96.00 , 5.00 , 91.00 
RAGOLU  ESWARARAO,1B000232,,,,,,,,,,,3,15,,,,,80,707.9,2,4,267,534,22,268,,,311,3302.7,,,,,2,4.5,46,498.45,,,,,,,,,,,,,,,,,19,178.5,,,,,,,50,358.75,,,,,,,,,,,,,,,SEMI URBAN,802,5871.8," 3,817.00 ", 191.00 ," 3,626.00 "
RAHUL  KUMAR,1B000260,1,22,1,15,10,200,1,20,2,20,,,,,,,,,,,2,4,16,109.5,,,47,452.05,,,,,1,8,1,7.5,,,2,25.2,3,36,,,,,,,1,5,,,,,,,,,,,7,40.5,,,,,,,,,,,,,,,SEMI URBAN,95,964.75, 627.00 , 31.00 , 596.00 
RAHUL  RAHUL,1B000331,,,,,,,,,,,,,,,,,98,807,,,10,20,27,188.38,13,157,474,4045.25,,,,,2,12,22,288.75,,,,,,,,,,,,,,,,,,,,,,,,,188,1512.64,,,,,,,,,,2000,,,,,RURAL,834,9031.02," 6,773.00 ", 339.00 ," 6,434.00 "
RAJAN KUMAR YADAV,1B000019,,,,,,,,,,,1,5,,,,,5,56.8,2,4,2,4,2,18.75,,,15,182,,,,,,,2,18.8,,,,,,,,,,,,,,,,,,,,,,,,,3,16.75,,,,,,,,,,,,,,,RURAL,32,306.1, 230.00 , 12.00 , 218.00 
RAJESH  KUMAR,1B000064,,,2,30,,,,,,,,,,,,,24,293,,,5,10,3,24,,,26,305,,,,,14,109,7,110,,,,,,,,,,,,,,,,,,,,,,,,,20,145,,,,,,,,,,,,,,,RURAL,101,1026, 770.00 , 39.00 , 731.00 
RAJIB KUMAR KARSHARMA,1B000057,,,,,5,100,1,20,3,30,,,,,,,76,649.5,,,,,,,,,39,315.5,,,,,,,43,440.8,,,13,139,28,262,1,10,,,,,,,1,8.8,,,,,,,,,55,393.5,,,,,,,,,,2000,,,,,RURAL,265,4369.1," 3,277.00 ", 164.00 ," 3,113.00 "
RAJKUMAR  RAJKUMAR,1B000031,,,,,,,,,,,,,,,,,26,237,,,1,2,,,,,11,147,,,,,,,,,,,,,,,,,,,,,,,1,8,,,,,,,,,6,33.5,,,,,,,,,,,,,,,RURAL,45,427.5, 321.00 , 16.00 , 305.00 
RAKESH  BORAH,1B000143,,,,,1,20,,,,,,,,,,,,,,,154,308,1,8,,,175,1894.5,,,,,,,2,30,,,,,,,,,,,,,,,,,,,4,8,1,2,,,35,390,,,,,,,,,,2000,,,,,RURAL,373,4660.5," 3,495.00 ", 175.00 ," 3,320.00 "
RAKESH MANI TRIPATHI,1B000092,,,15,255,,,,,,,,,,,,,13,153,,,1,2,6,89,,,44,548.5,,,,,,,,,,,,,,,,,,,,,,,,,,,,,,,,,21,220.25,,,,,,,,,,,,,,,URBAN,100,1267.75, 824.00 , 41.00 , 783.00 
RAMA  RAM,1B000336,,,,,,,,,,,,,,,,,7,81,,,72,144,1,6.25,,,63,593,,,,,,,1,5,,,,,,,,,,,,,,,,,,,,,,,,,14,137,,,,,,,,,,,,,,,RURAL,158,966.25, 725.00 , 36.00 , 689.00 
RAMAVATHU VENKATESWARLU NAIK,1B000298,,,,,,,,,,,,,,,,,7,59.1,1,2,1,2,1,8,,,107,1158.6,,,,,,,,,,,,,,,,,,,,,,,,,,,,,,,,,23,255,,,,,,,,,,2000,,,,,RURAL,140,3484.7," 2,614.00 ", 131.00 ," 2,483.00 "
RAMESH CHANDRA DAS,1B000109,,,,,,,,,1,10,1,5,,,,,23,235,3,6,2,4,11,109.75,,,22,302,,,,,,,8,98.5,,,,,,,,,,,,,,,,,,,,,,,,,39,255.5,,,,,,,,,,2000,,,,,RURAL,110,3025.75," 2,269.00 ", 113.00 ," 2,156.00 "
RANJAN KUMAR BEHERA,1B000124,,,,,,,,,10,100,1,5,,,,,9,66,4,8,4,8,,,,,11,72.5,,,,,1,8,2,20,,,,,,,,,,,,,,,,,,,,,,,,,27,83,,,,,,,,,,,,,,,RURAL,69,370.5, 278.00 , 14.00 , 264.00 
RANJITA  MAHALIK,1B000121,,,,,,,,,9,90,,,,,,,116,1111.65,,,1,2,5,52,,,37,333,,,,,97,845.3,37,579.5,,,13,153,66,956,,,,,,,,,3,27.2,,,7,14,,,15,150,113,792.78,,,,,,,,,,2000,,,,,RURAL,519,7106.43," 5,330.00 ", 267.00 ," 5,063.00 "
RAVINDER  RAVINDER,1B000236,,,2,30,,,,,,,,,,,,,2,6,,,,,,,,,1,3,,,,,,,,,,,,,,,,,,,,,,,,,,,,,,,,,1,2,,,,,,,,,,,,,,,RURAL,6,41, 31.00 , 2.00 , 29.00 
RAWANA  PERE,1B000080,,,,,,,,,,,,,,,,,,,,,,,,,,,1,3,,,,,,,,,,,,,,,,,,,,,,,,,,,,,,,,,,,,,,,,,,,,,,,,,RURAL,1,3, 2.00 , -   , 2.00 
REKHA  REKHA,1B000042,,,,,,,,,,,,,,,,,1,3,,,,,,,,,,,,,,,,,,,,,,,,,,,,,,,,,,,,,,,,,,,,,,,,,,,,,,,,,,,RURAL,1,3, 2.00 , -   , 2.00 
RESHU  SHARMA,1B000147,2,44,1,15,9,180,6,120,,,,,,,,,30,317.53,2,4,2,4,,,,,30,361.5,,,,,,,7,69.6,,,6,76.5,3,25,1,10,,,,,4,20,,,,,,,,,,,28,218.5,,,,,,,,,,2000,,,,,RURAL,131,3465.63," 2,599.00 ", 130.00 ," 2,469.00 "
RIYA  DURGAM,1B000079,,,,,,,,,,,,,,,,,,,,,,,,,,,,,,,,,,,,,,,,,,,,,,,,,,,,,,,,,,,,,,,,,,,,1000,,,,,,,,,RURAL,,1000, 750.00 , 38.00 , 712.00 
ROHIT  KUMAR,1B000111,,,,,,,,,,,,,,,,,,,,,,,,,,,,,,,,,,,,,,,,,,,,,,,,,,,,,,,,,,,,,,,,,,,,1000,,,,,,,,,SEMI URBAN,,1000, 650.00 , 33.00 , 617.00 
ROHIT  RAGHAV,1B000278,,,,,6,120,2,40,5,50,,,,,,,21,166,,,,,,,,,14,128,,,,,,,1,15,,,3,12.5,,,,,,,,,,,,,,,,,,,,,13,94.13,,,,,,,,,,,,,,,RURAL,65,625.63, 469.00 , 23.00 , 446.00 
ROSHNI  POTTAM,1B000072,,,,,,,,,,,,,,,,,,,,,,,,,,,,,,,,,,,,,,,,,,,,,,,,,,,,,,,,,,,,,,,,,,,,1000,,,,,,,,,RURAL,,1000, 750.00 , 38.00 , 712.00 
RUCHIKA  KUMARI,1B000071,,,,,,,,,,,,,,,,,,,,,,,,,,,,,,,,,,,,,,,,,,,,,,,,,,,,,,,,,,,,,,,,,,,,1000,,,,,,,,,URBAN,,1000, 650.00 , 33.00 , 617.00 
RUPENDRA NATH SOREN,1B000123,,,,,,,,,,,3,15,,,,,26,238.15,1,2,5,10,,,,,12,135.1,,,,,,,1,10,,,,,,,,,,,,,,,1,28,,,,,,,,,25,120.13,,,,,,,,,,,,,,,RURAL,74,558.38, 419.00 , 21.00 , 398.00 
SABIR  HUSSAIN,1B000179,,,88,1320,,,,,,,,,,,,,189,1983,1,2,2,4,8,97.5,5,87,42,472.5,,,,,,,1,5,,,8,87.5,8,39.5,1,10,,,,,12,60,,,,,1,2,,,,,60,536,,,,,,,,,,4000,,,,,RURAL,426,8706," 6,530.00 ", 327.00 ," 6,203.00 "
SACHIN KUMAR SHARMA,1B000156,1,22,57,855,56,1120,2,40,1,10,3,15,,,,,2,18,,,2,4,,,,,7,54.5,,,,,,,,,,,,,2,8,,,,,,,2,10,,,,,,,,,,,5,26,,,,,,,,,,,,,,,SEMI URBAN,140,2182.5," 1,419.00 ", 71.00 ," 1,348.00 "
SAGAR  SAGAR,1B000144,,,,,,,,,,,,,,,,,40,393.98,12,24,7,14,2,10,,,41,525.05,,,,,,,,,,,1,8.6,8,92,,,,,,,,,,,,,,,,,,,35,318.19,,,,,,,,,,2000,,,,,RURAL,146,3385.82," 2,539.00 ", 127.00 ," 2,412.00 "
SAGARIKA  JENA,1B000188,,,11,165,,,,,,,6,30,,,,,39,368,,,17,34,4,46,,,65,814.5,,,,,52,375,102,1079.5,,,,,,,3,30,,,3,51,,,,,1,8,,,,,,,77,594.55,,,,,,,,,,2000,,,,,RURAL,380,5595.55," 4,197.00 ", 210.00 ," 3,987.00 "
SAI KUMARI BONTHU,1B000194,,,,,,,,,,,,,0,2153.25,,,18,231.5,,,,,,,,,13,185,,,,,5,10.5,13,174,,,,,,,,,,,,,,,1,8,11,118,,,,,,,24,119.75,,,,,,,,,,,,,,,SEMI URBAN,85,3000," 1,950.00 ", 98.00 ," 1,852.00 "
SALINDER  KAUR,1B000159,,,,,,,,,,,,,,,,,2,18,,,,,,,,,1,3,,,,,,,,,,,,,,,,,,,,,,,,,,,,,,,,,3,11.5,,,,,,,,,,,,,,,SEMI URBAN,6,32.5, 21.00 , 1.00 , 20.00 
SANDEEP KUMAR GUPTA,1B000012,,,,,1,20,,,2,20,2,10,,,,,47,509,8,16,2,4,3,22,1,5,31,409.5,,,,,10,51,15,151,,,2,25,7,80,,,,,,,1,5,,,,,,,1,2.5,,,37,300,,,,,,,,,,2000,,,,,RURAL,170,3630," 2,723.00 ", 136.00 ," 2,587.00 "
SANJIT  KUMAR,1B000036,,,13,195,,,1,20,,,5,25,,,,,93,1070.5,,,15,30,6,19.75,,,48,640,,,,,1,7.5,14,192,,,3,45,10,131,,,,,,,1,5,,,,,2,4,,,,,11,76,,,,,,,,,,2000,,,,,RURAL,223,4460.75," 3,346.00 ", 167.00 ," 3,179.00 "
SANJIV KUMAR SHARMA,1B000146,,,28,420,,,,,,,1,5,,,,,48,488.6,1,2,1,2,13,103.5,3,25,27,288.5,,,,,,,,,,,4,37.5,,,,,,,,,,,,,,,,,1,15,,,35,208.5,,,,,,,,,,,,,,,SEMI URBAN,162,1595.6," 1,037.00 ", 52.00 , 985.00 
SANTOSH  SINGH,1B000051,,,,,,,,,,,1,5,,,,,15,163,,,73,146,27,354,,,156,1998.1,,,,,,,8,70.5,,,1,15,10,112,6,60,,,,,,,,,6,45,,,,,,,30,323,,,,,,,,,,2000,,,,,RURAL,333,5291.6," 3,969.00 ", 198.00 ," 3,771.00 "
SANTOSH KUMAR JENA,1B000098,,,,,,,,,,,4,20,,,,,50,394.09,5,10,3,6,15,88,1,15,15,79.5,,,,,5,28.5,6,53.01,,,,,,,,,,,,,,,,,,,,,,,,,5,37.25,,,,,,,,,,,,,,,RURAL,109,731.35, 549.00 , 27.00 , 522.00 
SAPNA  GUPTA,1B000229,,,7,105,,,,,,,,,,,,,19,202.35,2,4,1,2,,,,,13,164.7,,,,,,,,,,,1,3,,,,,,,,,,,,,,,,,,,,,11,95,,,,,,,,,,,,,,,SEMI URBAN,54,576.05, 374.00 , 19.00 , 355.00 
SARITA  BURKA,1B000076,,,,,,,,,,,,,,,,,,,,,,,,,,,,,,,,,,,,,,,,,,,,,,,,,,,,,,,,,,,,,,,,,,,,1000,,,,,,,,,RURAL,,1000, 750.00 , 38.00 , 712.00 
SATISH KUMAR GUPTA,1B000025,1,22,,,15,300,3,60,4,40,1,5,,,,,121,1185.5,24,48,17,34,16,127,,,93,1256,,,,,26,186.25,28,322.5,,,18,213,41,495.5,,,,,,,8,40,,,,,2,4,8,107,1,3,108,911.5,,,,,,,,,,2000,,,,,RURAL,535,7360.25," 5,520.00 ", 276.00 ," 5,244.00 "
SATYA PRAKASH VERMA,1B000094,2,50,,,2,44,1,22,2,20,,,,,,,34,325.4,,,2,4,1,3,,,37,433,,,,,8,70.75,7,56,,,8,96,7,106,,,,,,,2,10,,,,,,,1,5,,,19,239.75,,,,,,,,,,,,,,,URBAN,133,1484.9, 965.00 , 48.00 , 917.00 
SAVARI  THIRUPAL,1B000225,,,,,,,,,,,,,,,,,12,117.85,,,,,,,,,38,401.3,,,,,,,,,,,,,,,,,,,,,,,,,1,12,,,,,,,31,223.25,,,,,,,,,,,,,,,URBAN,82,754.4, 490.00 , 25.00 , 465.00 
SAVITHA PANCHAKSHARAYYA HYADLAMATH,1B000218,,,3,51,,,,,,,,,,,,,34,351,,,,,1,2.5,,,25,249.5,,,,,,,,,,,,,,,,,,,,,,,13,249.6,,,,,,,,,21,190.25,,,,,,,,,,,,,,,URBAN,97,1093.85, 711.00 , 36.00 , 675.00 
SHAIK  HUSSAIN,1B000257,,,,,,,,,,,,,,,,,59,632,81,162,190,380,1,2.5,,,135,1966,,,,,20,96.5,24,373.5,,,,,,,,,,,,,,,3,47.2,2,24,,,,,,,154,1387.75,,,,,,,,,,,,,,,SEMI URBAN,669,5071.45," 3,296.00 ", 165.00 ," 3,131.00 "
SHAIK  KABEER,1B000276,,,,,,,,,2,20,,,,,,,36,386.5,,,,,17,168,,,70,716,,,,,3,17.5,12,116,,,,,,,,,,,1,18,,,,,,,,,,,,,44,298,,,,,,,,,,2000,,,,,RURAL,185,3740," 2,805.00 ", 140.00 ," 2,665.00 "
SHAIK  MUKTHIYAR,1B000302,,,3,45,,,1,20,,,2,10,,,,,,,,,,,,,,,15,205.5,,,,,,,,,,,,,,,1,10,,,,,,,1,15.2,,,,,,,,,23,185,,,,,,,,,,,,,,,SEMI URBAN,46,490.7, 319.00 , 16.00 , 303.00 
SHAIK HASHIM HUSSIN,1B000297,1,22,26,390,3,60,2,40,,,3,15,,,,,7,85,,,,,,,,,1,7.5,,,,,,,,,,,,,,,,,,,,,,,1,8,,,,,,,,,5,36.5,,,,,,,,,,,,,,,RURAL,49,664, 498.00 , 25.00 , 473.00 
SHAIK MAHABOOB SUBANI,1B000239,,,,,,,,,2,20,,,,,,,64,566.9,1,2,2,4,3,10,,,70,915.85,,,,,,,,,,,,,,,,,,,,,,,,,2,20,,,,,,,90,684.91,,,,,,,,,,,,,,,SEMI URBAN,234,2223.66," 1,445.00 ", 72.00 ," 1,373.00 "
SHAIK MAHABOOB SUBHANI,1B000237,,,,,,,,,,,,,,,,,14,138.5,6,12,12,24,,,,,74,1180,,,,,,,,,,,,,,,,,,,,,,,,,,,,,,,,,89,831,,,,,,,,,,,,,,,SEMI URBAN,195,2185.5," 1,421.00 ", 71.00 ," 1,350.00 "
SHAIK MASTAN VALI,1B000256,,,,,,,,,,,,,,,,,18,160,1,2,,,,,,,21,202,,,,,,,,,,,,,,,,,,,,,,,,,,,,,,,,,15,118.25,,,,,,,,,,,,,,,SEMI URBAN,55,482.25, 313.00 , 16.00 , 297.00 
SHAIK RASOOL SAHEB,1B000281,,,,,,,,,,,,,,,,,1,3,,,,,,,,,9,27,,,,,,,,,,,,,,,,,,,,,,,,,,,,,,,,,11,22,,,,,,,,,,,,,,,RURAL,21,52, 39.00 , 2.00 , 37.00 
SHAMSHER  SINGH,1B000300,,,5,75,,,,,,,,,,,,,77,969.75,,,,,7,87,2,30,19,254.6,,,,,,,,,,,1,15,1,3,,,,,,,3,15,,,,,,,,,,,16,166,,,,,,,,,,,,,,,SEMI URBAN,131,1615.35," 1,050.00 ", 53.00 , 997.00 
SHANTILATA  MOHANTA,1B000110,,,26,390,,,,,,,15,75,,,,,59,526,3,6,3,6,1,7.5,1,3,44,383,,,,,37,207.25,73,592,,,,,,,,,,,,,,,1,8,,,,,,,,,36,265.75,,,,,,,,,,2000,,,,,RURAL,299,4469.5," 3,352.00 ", 168.00 ," 3,184.00 "
SHEETAL  JAIN,1B000241,,,,,,,,,,,,,,,,,19,120.5,1,2,3,6,,,,,23,207.5,,,,,,,,,,,,,,,,,,,,,,,,,,,,,,,,,10,72.5,,,,,,,,,,,,,,,RURAL,56,408.5, 306.00 , 15.00 , 291.00 
SHEKHAR  SHEKHAR,1B000313,,,15,225,,,,,,,,,,,,,104,1137,,,2,4,,,,,61,490.25,,,,,1,12,3,43.75,,,12,120,2,25,,,,,,,,,,,,,,,,,,,185,1161.84,,,,,,,,,,,,,,,SEMI URBAN,385,3218.84," 2,092.00 ", 105.00 ," 1,987.00 "
SHIVRAJ  SHIVRAJ,1B000089,,,13,221,,,,,,,,,0,955.25,,,33,362.5,,,14,28,7,51.5,,,75,869,,,,,,,,,,,5,48,12,157.5,,,,,,,3,15,,,,,3,6,5,60,,,21,226.25,,,,,,,,,,,,,,,URBAN,191,3000," 1,950.00 ", 98.00 ," 1,852.00 "
SIMRANJIT  SINGH,1B000067,,,30,510,,,,,,,16,80,,,,,,,,,9,18,4,44.5,,,194,2604,,,,,,,,,,,1,3,2,6,,,,,,,,,,,,,2,4,6,52.88,,,420,3682.71,,,,,,,,,,,,,,,URBAN,684,7005.09," 4,553.00 ", 228.00 ," 4,325.00 "
SINTU  KUMAR,1B000240,,,21,315,1,20,1,20,,,15,75,,,,,293,3273.2,223,446,83,166,,,1,10,124,1455.5,,,,,,,6,78,,,,,,,,,,,,,,,,,,,,,,,,,97,711.5,,,,,,,,,,2000,,,,,RURAL,865,8570.2," 6,428.00 ", 321.00 ," 6,107.00 "
SOHAN  LAL,1B000326,,,,,,,,,,,,,,,,,11,61.5,7,14,3,6,,,,,112,1389.65,,,,,,,7,35,,,,,,,,,,,,,,,,,2,16,,,,,,,123,801.63,,,,,,,,,,2000,,,,,RURAL,265,4323.78," 3,243.00 ", 162.00 ," 3,081.00 "
SUCHISMITA  JENA,1B000150,,,1,15,22,440,,,9,90,2,10,,,,,59,555.3,7,14,96,192,69,535,,,169,1953,,,,,268,2041.79,440,5049.5,,,71,954.5,199,2351,12,120,5,84,,,5,25,,,,,48,96,4,23.75,,,133,1213.25,,,,,,,,,,2000,21,820,,,RURAL,1640,18583.09," 13,937.00 ", 697.00 ," 13,240.00 "
SUDHANSHU  JENA,1B000068,,,,,,,,,2,20,9,45,,,,,98,1219,24,48,52,104,18,199,18,237,138,2160.5,,,,,18,156.5,18,185,1,2,,,,,1,10,,,,,,,,,,,,,,,,,144,1388.75,1,610,78,390,,,,,,2000,,,,,RURAL,620,8774.75," 6,581.00 ", 329.00 ," 6,252.00 "
SUDIPA  DUTTA,1B000069,,,1,15,1,20,,,3,30,2,10,,,,,51,466,,,21,42,9,113,2,22,55,564,,,,,34,263.25,172,1673,1,2,5,51,80,934,4,40,,,,,1,5,,,,,28,56,,,4,40,81,714.63,,,,,,,,,,2000,,,,,RURAL,555,7060.88," 5,296.00 ", 265.00 ," 5,031.00 "
SULEKH  SULEKH,1B000140,,,,,,,,,,,,,,,,,,,,,,,,,,,,,,,,,,,,,,,,,,,,,,,,,,,,,,,,,,,,,1,2,,,,,,,,,,,,,,,SEMI URBAN,1,2, 1.00 , -   , 1.00 
SULOCHANA  SULOCHANA,1B000090,,,15,255,,,,,,,2,10,,,,,59,474.5,,,174,348,60,691.25,,,551,5985.15,,,,,2,11.5,22,273.5,,,12,150,8,81,,,,,1,12,4,20,,,,,,,1,2,,,75,766.38,,,,,,,,,,,,,,,URBAN,986,9080.28," 5,902.00 ", 295.00 ," 5,607.00 "
SUMANA  SAHU,1B000115,,,,,1,20,,,2,20,1,5,,,,,52,426,29,58,15,30,1,8,,,22,234,,,,,2,17,13,148,,,3,40,5,80.5,,,,,,,,,,,,,,,,,,,63,414.71,,,,,,,,,,2000,,,,,RURAL,209,3501.21," 2,626.00 ", 131.00 ," 2,495.00 "
SUMERA  SIDDIQ,1B000226,,,,,,,,,,,,,,,,,2,6,,,1,2,,,,,,,,,,,,,,,,,,,,,,,,,,,,,,,,,,,,,,,1,2,,,,,,,,,,,,,,,SEMI URBAN,4,10, 7.00 , -   , 7.00 
SUMITA  SUMITA,1B000041,,,2,30,,,,,,,,,,,,,4,33,,,,,,,,,9,91,,,,,,,,,,,,,,,,,,,,,,,2,28,1,7.5,,,,,,,24,193.1,,,,,,,,,,,,,,,SEMI URBAN,42,382.6, 249.00 , 12.00 , 237.00 
SUNEEL KUMAR YADAV,1B000029,,,,,1,22,,,1,10,,,0,145.19,,,9,68.63,8,16,7,14,28,423.75,,,51,869,,,,,7,82,8,95.08,,,12,152.5,28,550.5,,,,,,,1,5,,,,,13,26,2,4,1,12,41,504.35,,,,,,,,,,,,,,,URBAN,218,3000," 1,950.00 ", 98.00 ," 1,852.00 "
SUNIL KUMAR DAS,1B000108,,,,,,,,,4,40,,,,,,,18,159.5,,,,,2,7.5,,,28,272,,,,,139,494.59,100,860.3,,,,,,,17,170,,,,,,,,,,,,,,,,,39,229,,,,,,,,,,2000,,,,,RURAL,347,4232.89," 3,175.00 ", 159.00 ," 3,016.00 "
SUNITA  LODHI,1B000215,,,25,375,19,380,5,100,1,10,10,50,,,,,43,430,,,,,,,,,97,1253.05,,,,,1,2,2,40,,,2,20,7,75.5,,,,,,,1,5,,,,,,,,,1,18,78,703.76,,,,,,,,,,2000,,,,,RURAL,292,5462.31," 4,097.00 ", 205.00 ," 3,892.00 "
SUNNY  SUNNY,1B000083,,,,,,,,,,,,,,,,,,,,,,,,,,,2,28.75,,,,,,,,,,,,,,,,,,,,,,,,,,,,,,,,,2,14.88,,,,,,,,,,,,,,,SEMI URBAN,4,43.63, 28.00 , 1.00 , 27.00 
SURAJ NATH BHADU,1B000211,,,,,,,,,,,,,,,,,9,89,,,,,,,,,22,195,,,,,,,,,,,,,,,,,,,,,,,,,,,,,,,,,7,66,,,,,,,,,,,,,,,SEMI URBAN,38,350, 228.00 , 11.00 , 217.00 
SURESH KUMAR SAINI,1B000120,,,15,255,2,44,,,,,2,10,,,,,7,59.6,,,,,2,21.25,,,25,320.5,,,,,,,,,,,,,,,,,,,,,,,,,,,,,,,,,97,806.14,,,,,,,,,,,,,,,METRO,150,1516.49, 986.00 , 49.00 , 937.00 
SUSHIL KUMAR PRAJAPATI,1B000060,,,,,2,40,,,,,,,0,2898,,,,,,,,,2,22,,,3,40,,,,,,,,,,,,,,,,,,,,,,,,,,,,,,,,,,,,,,,,,,,,,,,,,SEMI URBAN,7,3000," 1,950.00 ", 98.00 ," 1,852.00 "
SUSHILA  SUSHILA,1B000005,,,,,,,,,,,,,,,,,,,,,,,,,,,,,,,,,,,,,,,,,,,,,,,,,,,,,,,,,,,,,,,,,,,,1000,,,,,,,,,SEMI URBAN,,1000, 650.00 , 33.00 , 617.00 
SUSHMA  MAHESH,1B000252,,,,,,,,,,,,,,,,,,,,,,,,,,,,,,,,,,,,,,,,,,,,,,,,,,,,,,,,,,,,,3,6,,,,,,,,,,,,,,,SEMI URBAN,3,6, 4.00 , -   , 4.00 
SWATI  ARORA,1B000088,2,50,,,,,,,,,,,,,,,16,208.9,9,18,25,50,2,8.88,1,12,31,407.8,,,,,,,1,13.75,1,2,,,,,,,,,,,,,,,,,,,,,,,48,371.25,,,,,,,,,,,,,,,URBAN,136,1142.58, 743.00 , 37.00 , 706.00 
TALANDI  MANISH,1B000183,,,,,,,,,,,,,,,,,7,44,,,,,,,,,1,3,,,,,,,,,,,,,,,,,,,,,,,,,,,,,,,,,5,22.5,,,,,,,,,,,,,,,RURAL,13,69.5, 52.00 , 3.00 , 49.00 
TAPAN  SINGH,1B000157,2,44,,,4,80,6,120,4,40,,,,,,,3,33,,,,,1,2,,,10,87,,,,,,,,,,,,,,,,,,,,,,,2,20,,,,,,,,,21,72,,,,,,,,,,,,,,,SEMI URBAN,53,498, 324.00 , 16.00 , 308.00 
TARACHAND  KUMAWAT,1B000245,,,3,45,,,1,20,,,3,15,,,,,8,49,1,2,36,72,9,66,,,334,4207,,,,,,,,,,,,,,,,,,,,,,,,,3,26,,,,,,,286,2208.25,,,,,,,,,,2000,,,,,RURAL,684,8710.25," 6,533.00 ", 327.00 ," 6,206.00 "
TRIPTI  SAH,1B000017,,,,,6,120,,,2,20,,,,,,,61,672,17,34,174,348,20,146.75,3,54,661,8182.75,,,,,55,414.55,85,1138,,,15,135,40,410,4,40,2,28,,,6,30,1,28,1,5,8,16,2,17,,,177,1310.47,,,,,,,,,,2000,4,100,,,RURAL,1344,15249.52," 11,437.00 ", 572.00 ," 10,865.00 "
TURPATI  NARAYANARAO,1B000195,,,,,,,,,,,,,0,2099,,,20,166,4,8,29,58,5,52,,,45,447,,,,,,,,,,,,,,,,,,,,,,,,,,,,,,,,,22,170,,,,,,,,,,,,,,,SEMI URBAN,125,3000," 1,950.00 ", 98.00 ," 1,852.00 "
UJJALA  DAS,1B000070,1,22,20,300,4,80,2,40,,,,,,,0,1315.25,126,1015.75,2,4,5,10,,,4,33,44,586,,,,,2,20,1,15,,,,,,,,,,,,,,,2,36,,,,,,,,,65,523,,,,,,,,,,,,,,,SEMI URBAN,278,4000," 2,600.00 ", 130.00 ," 2,470.00 "
VASIM  AHMAD,1B000018,,,26,390,,,,,,,,,,,,,21,277,2,4,73,146,24,279.75,,,229,2980,,,,,21,236,83,1233.5,,,2,15,14,191.5,,,,,,,3,15,,,1,8,4,8,4,53,3,45,61,577.5,,,,,,,,,,2000,,,,,RURAL,571,8459.25," 6,344.00 ", 317.00 ," 6,027.00 "
VEMU  RAJU,1B000212,,,,,,,,,1,10,,,,,,,15,171.5,,,,,,,,,116,1494,,,,,,,,,,,,,,,1,10,,,,,,,,,54,562,,,,,,,65,565.38,,,,,,,,,,,,,,,URBAN,252,2812.88," 1,828.00 ", 91.00 ," 1,737.00 "
VENNAPUSA  SAINATHREDDY,1B000307,,,,,,,,,,,,,,,,,9,118,7,14,6,12,,,1,18,7,103,,,,,,,,,,,,,,,,,,,,,,,,,,,,,,,,,12,102,,,,,,,,,,,,,,,RURAL,42,367, 275.00 , 14.00 , 261.00 
VIJAINDER PAL SINGH,1B000187,,,,,,,,,,,,,,,,,29,259,15,30,104,208,,,,,109,1240,,,,,,,,,,,,,,,,,,,,,,,3,84,,,,,,,,,52,431.75,,,,,,,,,,2000,,,,,RURAL,312,4252.75," 3,190.00 ", 160.00 ," 3,030.00 "
VIJAY KUMAR SINGH,1B000015,,,19,285,,,,,,,6,30,,,,,211,2274.03,71,142,130,260,53,392.79,2,21,338,4142.64,2682.2,496.65,,,109,775.8,469,5766.92,1,2,57,707.1,92,1284.5,15,150,1,15,1,12,1,5,10,180,,,5,10,,,3,30,66,506.43,,,,,,,1,10,,2000,,,,,RURAL,4343.2,19498.86," 14,624.00 ", 731.00 ," 13,893.00 "
VIKAS CHANDRA JAISWAL,1B000023,,,2,34,,,,,,,,,,,,,,,,,1,2,1,15,,,2,25,,,,,,,,,,,,,,,,,,,,,,,,,,,,,,,,,,,,,,,,,,,,,,,,,URBAN,6,76, 49.00 , 2.00 , 47.00 
VISHAL  KALRA,1B000151,,,,,,,,,,,,,,,,,,,,,,,,,,,,,,,,,,,,,,,,,,,,,,,,,,,,,,,,,,,,,,,,,,,,1000,,,,,,,,,SEMI URBAN,,1000, 650.00 , 33.00 , 617.00 
VISHAL  KORDE,1B000265,,,1,15,,,,,,,,,,,,,,,,,,,1,10,,,33,384.3,,,,,,,,,,,,,,,,,,,,,,,,,,,,,,,,,23,154.25,,,,,,,,,,,,,,,RURAL,58,563.55, 423.00 , 21.00 , 402.00 
WANLAMBORBIANG  LYNGKHOI,1B000104,,,,,,,,,2,20,11,55,,,0,3479.84,,,,,,,,,,,11,147.5,,,,,,,,,,,6,75,8,59.05,,,,,,,,,,,,,,,6,42.5,,,31,121.11,,,,,,,,,,,,,,,RURAL,75,4000," 3,000.00 ", 150.00 ," 2,850.00 "
WASEEM  AHMAD,1B000033,,,,,,,,,,,6,30,,,,,22,208,24,48,3,6,5,58,,,126,1605,,,,,24,170.93,305,4017.35,,,,,,,,,,,,,,,,,,,,,,,,,48,493.5,,,,,,,,,,2000,,,,,RURAL,563,8636.78," 6,478.00 ", 324.00 ," 6,154.00 "
YENDAPALLI  MUNIRAJA,1B000316,,,,,1,20,1,20,2,20,,,,,,,4,12.5,1,2,,,,,,,6,25,,,,,,,,,,,,,,,,,,,,,,,,,,,,,,,,,11,24.25,,,,,,,,,,,,,,,RURAL,26,123.75, 93.00 , 5.00 , 88.00 
YENUGULA  SRIHITHA,1B000244,,,,,,,,,,,,,,,,,8,92.5,,,,,5,30.25,,,20,207,,,,,3,24,1,3,,,,,,,,,,,,,,,,,,,,,,,,,15,92.5,,,,,,,,,,,,,,,RURAL,52,449.25, 337.00 , 17.00 , 320.00 
YOGENDRA  SINGH,1B000032,,,3,45,,,,,,,5,25,,,,,205,2173.5,17,34,86,172,25,148.5,,,397,4347.5,,,,,35,239.75,149,1743.5,,,68,730.5,53,617.5,,,,,,,,,,,,,5,10,,,,,69,524.25,,,,,,,,,,2000,,,,,RURAL,1117,12811," 9,608.00 ", 480.00 ," 9,128.00 "
YOGESH  JORWAR,1B000272,,,,,,,,,,,,,,,,,26,137,2,4,4,8,11,87.58,,,19,132,,,,,,,,,,,,,,,,,,,,,,,,,,,,,,,,,,,,,,,,,,,,,,,,,URBAN,62,368.58, 240.00 , 12.00 , 228.00 
Grand Total,,27,615,1189,18547,468,9648,84,1706,232,2320,432,2160,0,15313.14,0,17605.31,10927,106268.16,2641,5282,6290,12580,2065,18917.04,296,3509,23445,281110.11,2682.2,496.65,1,1.25,2453,17294.14,5489,64093.32,15,30,813,9395,1739,22291.31,157,1570,10,157,8,129,170,850,93,1508.8,833,7166.75,261,522,103,873.63,41,468,14526,119128.65,1,610,83,415,,20000,1,10,,182000,30,1145,3,30.5,,77608.2,945766.76," 6,83,733.00 "," 34,211.00 "," 6,49,522.00 "
